timestamp,hex,flight,alt_baro,gs,track,lat,lon,seen,squawk,category
2025-10-15T21:00:01.100000,3c496e,TUI6DT,36000,480.8,32.2,37.917124,-8.510404,2.1,6206,A3
2025-10-15T21:00:01.100000,4cafc4,RYR22FP,34250,417.9,173.3,40.360748,-7.95343,2.5,4530,A3
2025-10-15T21:00:01.100000,40653d,EZY32RD,33775,438.7,349.2,38.548325,-7.763245,1.0,2267,A3
2025-10-15T21:00:01.100000,49529a,,13950,309.8,46.3,39.070908,-8.814677,0.2,5231,
2025-10-15T21:00:01.100000,345688,ANE73JA,7525,248.9,107.1,41.124852,-8.49755,18.0,3351,A3
2025-10-15T21:00:01.100000,44093e,EJU45AW,38000,464.7,46.5,39.371043,-8.5755,0.0,1156,A3
2025-10-15T21:00:01.100000,4952cc,TAP19UT,29000,451.4,242.1,39.2883,-7.062657,4.9,2615,A3
2025-10-15T21:00:01.100000,440201,TAY2MN,15300,404.7,46.8,39.213684,-8.617819,0.5,3372,A3
2025-10-15T21:00:01.100000,347311,,,,,,,189.2,,
2025-10-15T21:00:01.100000,4ca245,,,,,,,221.9,,A3
2025-10-15T21:00:01.100000,4405ea,EJU18RN,39025,416.2,193.3,39.887558,-7.735271,0.2,5246,A3
2025-10-15T21:00:01.100000,49d543,OKVPL,10400,170.1,177.6,40.708923,-8.617126,0.2,3336,A1
2025-10-15T21:00:01.100000,406fdb,,33450,,,38.764709,-7.346689,3.4,2241,A3
2025-10-15T21:00:01.100000,4952cd,,,,,,,292.3,,
2025-10-15T21:00:01.100000,4cae93,,,,,,,291.4,,
2025-10-15T21:00:01.100000,49526d,,17850,329.0,172.3,40.787109,-8.783447,0.4,5326,A3
2025-10-15T21:00:01.100000,495146,TAP120R,26225,385.6,186.7,39.779073,-8.335693,0.0,7540,A3
2025-10-15T21:00:01.100000,4aca99,NOZ8MC,40000,466.5,22.8,39.707662,-8.121033,0.0,1143,A3
2025-10-15T21:00:01.100000,4ca293,EIN4PT,23700,349.9,175.9,39.916992,-8.526644,0.2,3702,A3
2025-10-15T21:00:01.100000,406d8e,EZY95EB,16525,314.4,199.7,39.602005,-8.701351,0.2,0555,A3
2025-10-15T21:00:01.100000,4ca88f,RYR4ZF,39000,418.4,182.6,39.318558,-8.160692,1.8,2056,A3
2025-10-15T21:00:01.100000,345642,VLG5JJ,16375,344.6,249.6,38.790909,-8.323853,0.2,0444,A3
2025-10-15T21:00:01.100000,495218,,30000,432.4,66.0,,,56.4,,A3
2025-10-15T21:00:01.100000,4951d9,TAP863Y,19375,316.8,230.4,38.844177,-8.109821,0.6,4042,A3
2025-10-15T21:00:01.100000,49514e,TAP437X,23950,344.4,209.8,39.552155,-8.560678,0.1,7667,A3
2025-10-15T21:00:01.100000,407f1e,,,,,,,252.5,,A3
2025-10-15T21:00:01.100000,4d21ef,,,,,,,127.4,,A3
2025-10-15T21:00:01.100000,3c70b2,,33450,471.6,45.1,40.108803,-7.461902,0.2,2021,A4
2025-10-15T21:00:01.100000,3c7424,,,,,,,209.8,,A3
2025-10-15T21:00:01.100000,3472c9,,35000,430.3,222.7,37.698624,-8.068932,39.7,3771,A3
2025-10-15T21:00:01.100000,407689,,,,,,,106.1,,A3
2025-10-15T21:00:01.100000,440c38,,,,,,,105.3,,A3
2025-10-15T21:00:01.100000,0201a1,,37000,,,,,24.0,0533,A3
2025-10-15T21:00:01.100000,4d2532,WZZ6XL,10300,348.5,244.7,38.733371,-8.658264,0.6,4055,A3
2025-10-15T21:00:01.100000,40751c,EXS26W,38000,438.3,350.3,40.452576,-8.270935,24.6,2004,A3
2025-10-15T21:00:01.100000,4841a6,,,,,,,247.6,,A3
2025-10-15T21:00:01.100000,495212,,,,,,,252.6,,A3
2025-10-15T21:00:01.100000,452166,,,,,,,117.4,,A3
2025-10-15T21:00:01.100000,4866ee,,,,,,,260.2,,A3
2025-10-15T21:00:01.100000,4cad7d,EIN497,36025,456.4,349.0,41.238393,-8.438936,20.5,3341,A3
2025-10-15T21:00:01.100000,4cafcf,,,,,,,270.4,,A3
2025-10-15T21:01:00.600000,406c72,,,,,,,4.8,,
2025-10-15T21:01:00.600000,4d21fe,,37000,,,,,0.2,,
2025-10-15T21:01:00.600000,3c496e,,36000,481.7,32.1,38.011438,-8.435828,21.2,,A3
2025-10-15T21:01:00.600000,4cafc4,RYR22FP,35000,421.9,173.3,40.280548,-7.941223,23.0,4530,A3
2025-10-15T21:01:00.600000,40653d,,34625,438.7,349.2,38.548325,-7.763245,8.1,2267,A3
2025-10-15T21:01:00.600000,49529a,TAP494Y,16250,327.5,46.6,39.124316,-8.742615,10.4,5231,A3
2025-10-15T21:01:00.600000,345688,,,,,,,40.1,,A3
2025-10-15T21:01:00.600000,44093e,EJU45AW,38000,467.6,46.6,39.459353,-8.4552,0.1,1156,A3
2025-10-15T21:01:00.600000,4952cc,TAP19UT,29000,450.1,241.9,39.225952,-7.21348,0.2,2615,A3
2025-10-15T21:01:00.600000,440201,TAY2MN,17350,417.4,46.7,39.292184,-8.510193,0.1,3372,A3
2025-10-15T21:01:00.600000,347311,,,,,,,248.6,,
2025-10-15T21:01:00.600000,4ca245,,,,,,,281.3,,A3
2025-10-15T21:01:00.600000,4405ea,EJU18RN,39000,414.5,193.5,39.816688,-7.757263,5.1,5246,A3
2025-10-15T21:01:00.600000,49d543,OKVPL,10400,171.1,177.7,40.701187,-8.616699,43.3,3336,A1
2025-10-15T21:01:00.600000,406fdb,,34750,450.7,11.9,38.962221,-7.293152,0.2,2241,A3
2025-10-15T21:01:00.600000,49526d,RZO182,20800,342.2,166.0,40.699039,-8.754917,0.2,5326,A3
2025-10-15T21:01:00.600000,495146,TAP120R,25200,349.6,216.5,39.681686,-8.366699,0.3,7540,A3
2025-10-15T21:01:00.600000,4aca99,NOZ8MC,40000,465.6,22.9,39.825119,-8.056979,0.4,1143,A3
2025-10-15T21:01:00.600000,4ca293,EIN4PT,22750,341.7,176.3,39.821669,-8.51825,0.1,3702,A3
2025-10-15T21:01:00.600000,406d8e,EZY95EB,14925,311.2,199.7,39.521393,-8.738788,0.1,0555,A3
2025-10-15T21:01:00.600000,4ca88f,RYR4ZF,39000,420.4,182.6,39.194051,-8.167847,0.0,2056,A3
2025-10-15T21:01:00.600000,345642,VLG5JJ,14700,340.5,249.5,38.76079,-8.427795,0.5,0444,A3
2025-10-15T21:01:00.600000,495218,,30000,461.2,66.2,,,0.1,,A3
2025-10-15T21:01:00.600000,4951d9,TAP863Y,19375,317.4,230.2,38.844177,-8.109821,38.0,4042,A3
2025-10-15T21:01:00.600000,49514e,TAP437X,23000,337.3,209.7,39.471268,-8.620267,0.0,7667,A3
2025-10-15T21:01:00.600000,4d21ef,,,,,,,186.8,,A3
2025-10-15T21:01:00.600000,3c70b2,BCS8166,34400,466.0,45.1,40.196548,-7.346924,2.1,2021,A4
2025-10-15T21:01:00.600000,3c7424,,,,,,,269.2,,A3
2025-10-15T21:01:00.600000,3472c9,,,,,,,99.1,,A3
2025-10-15T21:01:00.600000,407689,EZY96BD,30450,408.4,184.8,38.482086,-8.111015,0.2,7703,A3
2025-10-15T21:01:00.600000,440c38,,,,,,,164.7,,A3
2025-10-15T21:01:00.600000,0201a1,RAM801F,37000,441.3,191.8,38.646606,-7.467479,7.6,0533,A3
2025-10-15T21:01:00.600000,4d2532,,9700,337.8,245.0,38.721872,-8.689453,21.7,,A3
2025-10-15T21:01:00.600000,40751c,,38000,440.6,350.1,40.56008,-8.295864,0.1,2004,A3
2025-10-15T21:01:00.600000,452166,,,,,,,176.8,,A3
2025-10-15T21:01:00.600000,4cad7d,,36025,455.2,349.1,41.315552,-8.458801,29.5,,A3
2025-10-15T21:02:00.600000,44cc44,,13175,,,,,0.5,,
2025-10-15T21:02:00.600000,407fff,,38000,465.2,17.8,41.044224,-8.944931,0.4,6270,
2025-10-15T21:02:00.600000,4cad3c,,23725,431.0,173.2,,,0.8,,
2025-10-15T21:02:00.600000,406c72,EZY32PQ,38000,458.8,31.5,39.389694,-8.911763,0.1,6235,A3
2025-10-15T21:02:00.600000,4d21fe,,36600,413.5,215.7,40.449984,-7.884064,0.6,3734,
2025-10-15T21:02:00.600000,3c496e,,36000,484.0,32.2,,,1.7,6206,A3
2025-10-15T21:02:00.600000,4cafc4,RYR22FP,35000,424.1,173.1,40.109482,-7.914795,0.1,4530,A3
2025-10-15T21:02:00.600000,40653d,,,,,,,68.1,,A3
2025-10-15T21:02:00.600000,49529a,TAP494Y,19100,344.5,46.5,39.195681,-8.646057,0.5,5231,A3
2025-10-15T21:02:00.600000,345688,,,,,,,100.1,,A3
2025-10-15T21:02:00.600000,44093e,EJU45AW,38000,468.3,46.7,39.548966,-8.332397,0.1,1156,A3
2025-10-15T21:02:00.600000,4952cc,TAP19UT,28025,421.9,241.9,39.16896,-7.351135,0.1,2615,A3
2025-10-15T21:02:00.600000,440201,TAY2MN,19250,432.1,46.0,39.372528,-8.400182,0.2,3372,A3
2025-10-15T21:02:00.600000,4405ea,EJU18RN,38975,410.2,193.4,39.663986,-7.804592,0.1,5246,A3
2025-10-15T21:02:00.600000,49d543,,,,,,,103.3,,A1
2025-10-15T21:02:00.600000,406fdb,EZY78WY,35925,442.7,12.0,39.082947,-7.260291,0.3,2241,A3
2025-10-15T21:02:00.600000,49526d,RZO182,22700,367.2,165.8,40.603546,-8.723511,0.6,5326,A3
2025-10-15T21:02:00.600000,495146,TAP120R,24075,345.0,232.3,39.621414,-8.460965,0.6,7540,A3
2025-10-15T21:02:00.600000,4aca99,NOZ8MC,40000,464.7,22.9,39.945172,-7.991243,0.1,1143,A3
2025-10-15T21:02:00.600000,4ca293,EIN4PT,21750,327.3,212.5,39.731644,-8.534526,0.1,3702,A3
2025-10-15T21:02:00.600000,406d8e,EZY95EB,13225,314.1,200.1,39.440685,-8.776367,0.1,0555,A3
2025-10-15T21:02:00.600000,4ca88f,RYR4ZF,39000,420.4,182.6,39.142378,-8.170837,30.0,2056,A3
2025-10-15T21:02:00.600000,345642,VLG5JJ,13075,335.1,249.6,38.731136,-8.529846,7.9,0444,A3
2025-10-15T21:02:00.600000,495218,,30000,461.2,66.2,,,48.6,,A3
2025-10-15T21:02:00.600000,4951d9,TAP863Y,17000,310.8,239.2,38.739853,-8.288408,0.1,4042,A3
2025-10-15T21:02:00.600000,49514e,TAP437X,22050,323.4,209.7,39.391712,-8.678833,0.0,7667,A3
2025-10-15T21:02:00.600000,4d21ef,,,,,,,246.8,,A3
2025-10-15T21:02:00.600000,3c70b2,,35175,465.0,49.0,40.240825,-7.283873,4.7,2021,A4
2025-10-15T21:02:00.600000,3472c9,,,,,,,159.1,,A3
2025-10-15T21:02:00.600000,407689,,29975,406.4,184.8,38.455536,-8.113821,39.2,7703,A3
2025-10-15T21:02:00.600000,440c38,,,,,,,224.7,,A3
2025-10-15T21:02:00.600000,0201a1,,,,,,,67.6,,A3
2025-10-15T21:02:00.600000,4d2532,,,,,,,81.7,,A3
2025-10-15T21:02:00.600000,40751c,EXS26W,38000,439.8,349.9,40.745178,-8.338745,4.0,2004,A3
2025-10-15T21:02:00.600000,452166,,,,,,,236.8,,A3
2025-10-15T21:02:00.600000,4cad7d,,,451.5,348.9,,,0.7,,A3
2025-10-15T21:03:01,4ca245,,10700,250.2,219.2,,,3.9,,
2025-10-15T21:03:01,39d30a,TVF31JV,38000,466.2,14.7,38.297455,-7.533098,1.5,6445,
2025-10-15T21:03:01,495212,,24000,334.3,2.2,,,3.7,,
2025-10-15T21:03:01,3c7424,,38000,467.1,33.4,40.285492,-6.560059,0.8,4454,
2025-10-15T21:03:01,44cc44,BEL2ET,15675,372.8,46.4,39.11554,-8.753238,0.1,2265,A3
2025-10-15T21:03:01,407fff,EZY34CA,38000,466.5,17.9,41.143799,-8.902546,6.9,6270,A3
2025-10-15T21:03:01,4cad3c,,23725,431.0,173.2,,,61.2,,
2025-10-15T21:03:01,406c72,EZY32PQ,38000,459.3,31.6,39.499649,-8.824768,0.0,6235,A3
2025-10-15T21:03:01,4d21fe,RYR13ZW,35600,421.5,215.5,40.314285,-8.011353,0.1,3734,A3
2025-10-15T21:03:01,3c496e,TUI6DT,36000,484.4,32.2,38.259981,-8.237776,7.1,6206,A3
2025-10-15T21:03:01,4cafc4,RYR22FP,35000,424.7,173.5,39.992329,-7.896985,0.0,4530,A3
2025-10-15T21:03:01,40653d,EZY32RD,37200,430.5,349.3,,,0.1,2267,A3
2025-10-15T21:03:01,49529a,TAP494Y,21000,374.1,44.0,39.265556,-8.553772,2.7,5231,A3
2025-10-15T21:03:01,345688,,,,,,,160.5,,A3
2025-10-15T21:03:01,44093e,EJU45AW,38000,468.3,46.7,39.638393,-8.209656,0.1,1156,A3
2025-10-15T21:03:01,4952cc,TAP19UT,26550,384.3,241.9,39.117426,-7.474548,0.1,2615,A3
2025-10-15T21:03:01,440201,TAY2MN,21400,453.3,44.7,39.460464,-8.286378,0.0,3372,A3
2025-10-15T21:03:01,4405ea,EJU18RN,38975,408.0,193.3,39.554169,-7.838387,0.3,5246,A3
2025-10-15T21:03:01,49d543,,,,,,,163.7,,A1
2025-10-15T21:03:01,406fdb,EZY78WY,36325,442.7,12.0,39.144928,-7.243394,21.7,2241,A3
2025-10-15T21:03:01,49526d,RZO182,23000,371.3,165.8,40.501099,-8.689575,0.1,5326,A3
2025-10-15T21:03:01,495146,TAP120R,22950,338.9,211.5,39.553155,-8.548218,0.1,7540,A3
2025-10-15T21:03:01,4aca99,NOZ8MC,40000,463.8,23.0,40.063182,-7.926199,0.1,1143,A3
2025-10-15T21:03:01,4ca293,EIN4PT,20775,326.0,210.8,39.654127,-8.595703,0.0,3702,A3
2025-10-15T21:03:01,406d8e,EZY95EB,12200,299.3,229.3,39.37175,-8.835277,0.0,0555,A3
2025-10-15T21:03:01,4ca88f,RYR4ZF,37050,420.5,182.9,38.962646,-8.181411,0.0,2056,A3
2025-10-15T21:03:01,345642,VLG5JJ,10975,331.0,249.5,38.692824,-8.661011,0.1,0444,A3
2025-10-15T21:03:01,495218,,,,,,,109.0,,A3
2025-10-15T21:03:01,4951d9,TAP863Y,16800,310.4,239.0,38.730835,-8.307575,42.5,4042,A3
2025-10-15T21:03:01,49514e,TAP437X,21050,325.1,213.8,39.313504,-8.737244,0.1,7667,A3
2025-10-15T21:03:01,3c70b2,BCS8166,36000,464.0,52.9,40.319685,-7.156906,4.3,2021,A4
2025-10-15T21:03:01,3472c9,IBS15HZ,35000,434.8,219.4,,,18.9,3771,A3
2025-10-15T21:03:01,407689,,,,,,,99.6,,A3
2025-10-15T21:03:01,440c38,,,,,,,285.1,,A3
2025-10-15T21:03:01,0201a1,,,,,,,128.0,,A3
2025-10-15T21:03:01,4d2532,,,,,,,142.1,,A3
2025-10-15T21:03:01,40751c,,38000,,,40.745178,-8.338745,64.4,,A3
2025-10-15T21:03:01,452166,,,,,,,297.2,,A3
2025-10-15T21:03:01,4cad7d,,35975,450.3,349.0,41.609182,-8.534652,27.6,3341,A3
2025-10-15T21:04:01,4080ad,EZY92QR,33375,453.4,351.1,,,0.4,3330,A3
2025-10-15T21:04:01,4952cb,TAP944,9800,302.4,64.5,38.916641,-8.925556,28.6,,
2025-10-15T21:04:01,4951d5,,,,,,,23.7,,
2025-10-15T21:04:01,020139,,,,,,,11.6,,
2025-10-15T21:04:01,4ca245,,10050,251.4,188.0,41.533069,-8.386912,5.1,4003,
2025-10-15T21:04:01,39d30a,,38000,466.2,14.7,,,33.5,,
2025-10-15T21:04:01,495212,,24000,333.3,2.2,41.511154,-8.378324,0.8,,
2025-10-15T21:04:01,3c7424,,38000,462.3,28.8,40.288541,-6.557402,0.6,4454,
2025-10-15T21:04:01,44cc44,BEL2ET,18375,387.6,46.5,39.187767,-8.655579,0.0,2265,A3
2025-10-15T21:04:01,407fff,,38025,463.3,17.8,,,1.1,6270,A3
2025-10-15T21:04:01,4cad3c,,,,,,,121.2,,
2025-10-15T21:04:01,406c72,EZY32PQ,38000,461.5,31.6,39.609329,-8.737594,0.2,6235,A3
2025-10-15T21:04:01,4d21fe,RYR13ZW,34375,428.7,215.5,40.212382,-8.106537,0.2,3734,A3
2025-10-15T21:04:01,3c496e,,36000,,,,,55.9,6206,A3
2025-10-15T21:04:01,4cafc4,RYR22FP,35000,425.8,173.4,39.874459,-7.879211,0.2,4530,A3
2025-10-15T21:04:01,40653d,EZY32RD,38000,428.3,349.4,39.034563,-7.880859,0.7,2267,A3
2025-10-15T21:04:01,49529a,TAP494Y,22900,391.0,44.5,39.336777,-8.46413,2.1,5231,A3
2025-10-15T21:04:01,345688,,,,,,,220.6,,A3
2025-10-15T21:04:01,44093e,EJU45AW,38025,469.1,47.0,39.728145,-8.085876,0.1,1156,A3
2025-10-15T21:04:01,4952cc,TAP19UT,25025,357.1,241.6,39.068267,-7.592529,0.1,2615,A3
2025-10-15T21:04:01,440201,TAY2MN,23550,466.1,43.9,39.552338,-8.172037,0.0,3372,A3
2025-10-15T21:04:01,4405ea,EJU18RN,38975,410.2,193.4,39.442361,-7.87262,0.0,5246,A3
2025-10-15T21:04:01,49d543,OKVPL,10400,175.6,196.9,40.551407,-8.672241,32.0,,A1
2025-10-15T21:04:01,406fdb,EZY78WY,37250,454.9,27.6,39.313019,-7.159862,2.5,2241,A3
2025-10-15T21:04:01,49526d,RZO182,23000,371.1,166.0,40.418841,-8.662595,2.1,5326,A3
2025-10-15T21:04:01,495146,TAP120R,21975,324.5,211.4,39.482895,-8.603609,6.4,7540,A3
2025-10-15T21:04:01,4aca99,NOZ8MC,40000,462.5,22.9,40.174622,-7.864624,1.8,1143,A3
2025-10-15T21:04:01,4ca293,EIN4PT,19775,324.0,211.2,39.576245,-8.656372,0.1,3702,A3
2025-10-15T21:04:01,406d8e,EZY95EB,11250,295.4,228.4,39.318695,-8.912718,1.9,0555,A3
2025-10-15T21:04:01,4ca88f,RYR4ZF,35850,426.5,182.7,38.916507,-8.184265,26.9,2056,A3
2025-10-15T21:04:01,345642,VLG5JJ,10025,308.5,249.5,38.668244,-8.745178,6.3,0444,A3
2025-10-15T21:04:01,495218,,,,,,,169.1,,A3
2025-10-15T21:04:01,4951d9,TAP863Y,15250,278.0,239.3,38.655209,-8.46759,1.2,4042,A3
2025-10-15T21:04:01,49514e,TAP437X,20025,323.7,221.6,39.246643,-8.813722,0.0,7667,A3
2025-10-15T21:04:01,3c70b2,,36000,464.0,52.9,,,29.3,,A4
2025-10-15T21:04:01,3472c9,,,435.6,219.3,,,55.9,,A3
2025-10-15T21:04:01,407689,,,,,,,159.7,,A3
2025-10-15T21:04:01,0201a1,,37000,441.7,189.2,38.245743,-7.571684,5.2,0533,A3
2025-10-15T21:04:01,4d2532,,,,,,,202.1,,A3
2025-10-15T21:04:01,40751c,,,,,,,124.4,,A3
2025-10-15T21:04:01,4cad7d,,35950,451.3,349.0,41.741409,-8.568961,13.6,3341,A3
2025-10-15T21:05:01.300000,48c122,,,285.6,86.4,,,46.3,,
2025-10-15T21:05:01.300000,4080ad,EZY92QR,34375,453.7,353.8,38.595108,-7.811817,2.5,3330,A3
2025-10-15T21:05:01.300000,4952cb,TAP944,13475,403.5,64.5,38.992015,-8.720886,0.2,4703,A3
2025-10-15T21:05:01.300000,4951d5,,,,,,,84.0,,
2025-10-15T21:05:01.300000,020139,RAM807,37000,448.2,192.2,40.316071,-7.005615,0.1,2026,A3
2025-10-15T21:05:01.300000,4ca245,,,,,,,10.4,,
2025-10-15T21:05:01.300000,39d30a,,,,,,,93.8,,
2025-10-15T21:05:01.300000,495212,,24000,335.3,2.4,41.524063,-8.377637,38.7,,
2025-10-15T21:05:01.300000,3c7424,,38000,459.2,28.9,,,0.1,4454,
2025-10-15T21:05:01.300000,44cc44,BEL2ET,20475,411.6,45.8,39.262995,-8.553894,0.2,2265,A3
2025-10-15T21:05:01.300000,407fff,,38025,463.3,17.8,,,1.4,6270,A3
2025-10-15T21:05:01.300000,4cad3c,,,,,,,181.5,,
2025-10-15T21:05:01.300000,406c72,EZY32PQ,38000,463.4,31.8,39.718185,-8.650778,0.1,6235,A3
2025-10-15T21:05:01.300000,4d21fe,RYR13ZW,32350,429.9,215.7,40.178492,-8.138247,12.0,3734,A3
2025-10-15T21:05:01.300000,3c496e,TUI6DT,36000,485.5,32.4,38.503372,-8.042171,0.1,6206,A3
2025-10-15T21:05:01.300000,4cafc4,RYR22FP,35000,425.8,173.4,39.835464,-7.873376,24.2,4530,A3
2025-10-15T21:05:01.300000,40653d,EZY32RD,38000,437.9,349.1,39.150758,-7.90918,0.2,2267,A3
2025-10-15T21:05:01.300000,49529a,TAP494Y,25400,396.0,44.6,39.424713,-8.352475,0.0,5231,A3
2025-10-15T21:05:01.300000,345688,,,,,,,280.8,,A3
2025-10-15T21:05:01.300000,44093e,EJU45AW,38025,467.0,46.9,39.807377,-7.976013,0.1,1156,A3
2025-10-15T21:05:01.300000,4952cc,TAP19UT,23625,335.4,244.2,39.022751,-7.703207,0.2,2615,A3
2025-10-15T21:05:01.300000,440201,TAY2MN,25500,477.3,44.6,39.646865,-8.052795,0.1,3372,A3
2025-10-15T21:05:01.300000,4405ea,EJU18RN,39000,412.3,193.5,39.331753,-7.906616,0.0,5246,A3
2025-10-15T21:05:01.300000,49d543,,,,,,,3.1,,A1
2025-10-15T21:05:01.300000,406fdb,EZY78WY,22675,453.9,26.8,39.368296,-7.123657,6.0,2241,A3
2025-10-15T21:05:01.300000,49526d,RZO182,23000,384.7,166.5,40.296408,-8.62252,0.0,5326,A3
2025-10-15T21:05:01.300000,495146,TAP120R,20800,326.7,211.4,39.397997,-8.670349,0.1,7540,A3
2025-10-15T21:05:01.300000,4aca99,,40000,462.5,22.9,40.174622,-7.864624,35.1,1143,A3
2025-10-15T21:05:01.300000,4ca293,EIN4PT,18825,311.4,211.3,39.500656,-8.7158,0.1,3702,A3
2025-10-15T21:05:01.300000,406d8e,,11150,294.7,228.6,39.313225,-8.920715,46.3,,A3
2025-10-15T21:05:01.300000,4ca88f,,34075,,,,,2.6,,A3
2025-10-15T21:05:01.300000,345642,,,,,,,66.6,,A3
2025-10-15T21:05:01.300000,495218,,,,,,,229.3,,A3
2025-10-15T21:05:01.300000,4951d9,TAP863Y,14100,278.5,239.1,38.624222,-8.533451,13.8,4042,A3
2025-10-15T21:05:01.300000,49514e,TAP437X,19125,314.6,221.4,39.185625,-8.883667,1.4,7667,A3
2025-10-15T21:05:01.300000,3c70b2,,,,,,,89.6,,A4
2025-10-15T21:05:01.300000,3472c9,,,,,,,116.2,,A3
2025-10-15T21:05:01.300000,407689,,,,,,,220.0,,A3
2025-10-15T21:05:01.300000,0201a1,,37000,,,38.245743,-7.571684,65.4,0533,A3
2025-10-15T21:05:01.300000,4d2532,,,,,,,262.4,,A3
2025-10-15T21:05:01.300000,40751c,,,,,,,184.7,,A3
2025-10-15T21:05:01.300000,4cad7d,,,,,,,73.9,,A3
2025-10-15T21:06:00.400000,346082,,9525,300.2,65.0,38.971069,-8.853368,2.5,4407,
2025-10-15T21:06:00.400000,48c122,,,,,,,105.4,,
2025-10-15T21:06:00.400000,4080ad,,34575,454.5,355.3,38.662354,-7.818743,50.6,3330,A3
2025-10-15T21:06:00.400000,4952cb,TAP944,15925,428.5,64.6,39.040662,-8.589661,0.1,4703,A3
2025-10-15T21:06:00.400000,4951d5,,,,,,,143.1,,
2025-10-15T21:06:00.400000,020139,RAM807,37000,446.0,192.2,40.196365,-7.039368,0.0,2026,A3
2025-10-15T21:06:00.400000,4ca245,,,,,,,69.5,,
2025-10-15T21:06:00.400000,39d30a,TVF31JV,38000,461.1,14.7,38.685701,-7.403564,5.1,6445,
2025-10-15T21:06:00.400000,495212,,,,,,,3.4,,
2025-10-15T21:06:00.400000,3c7424,TUI30A,4475,458.4,29.0,40.532318,-6.377258,0.5,4454,A3
2025-10-15T21:06:00.400000,44cc44,BEL2ET,22400,423.6,44.5,39.335989,-8.461365,8.2,2265,A3
2025-10-15T21:06:00.400000,407fff,,38000,461.4,17.9,,,46.2,6270,A3
2025-10-15T21:06:00.400000,4cad3c,,,,,,,240.6,,
2025-10-15T21:06:00.400000,406c72,EZY32PQ,38000,465.7,31.7,39.827225,-8.563425,0.0,6235,A3
2025-10-15T21:06:00.400000,4d21fe,RYR13ZW,28475,447.6,213.8,40.025661,-8.279384,2.7,3734,A3
2025-10-15T21:06:00.400000,3c496e,TUI6DT,36000,485.5,32.4,38.503372,-8.042171,53.6,6206,A3
2025-10-15T21:06:00.400000,4cafc4,RYR22FP,35000,425.9,173.3,39.639816,-7.843522,0.0,4530,A3
2025-10-15T21:06:00.400000,40653d,EZY32RD,38000,437.7,349.2,39.271362,-7.938757,0.0,2267,A3
2025-10-15T21:06:00.400000,49529a,TAP494Y,27150,406.6,44.7,39.502441,-8.25336,0.1,5231,A3
2025-10-15T21:06:00.400000,44093e,EJU45AW,38000,464.6,45.4,39.902985,-7.844238,0.5,1156,A3
2025-10-15T21:06:00.400000,4952cc,TAP19UT,22475,330.5,244.4,38.985123,-7.804114,2.5,2615,A3
2025-10-15T21:06:00.400000,440201,TAY2MN,26375,481.5,44.7,39.693512,-7.993211,26.3,3372,A3
2025-10-15T21:06:00.400000,4405ea,EJU18RN,39025,413.3,193.4,39.222122,-7.940002,0.2,5246,A3
2025-10-15T21:06:00.400000,49d543,,10400,176.5,196.8,40.46521,-8.706482,2.3,3336,A1
2025-10-15T21:06:00.400000,406fdb,EZY78WY,38000,458.0,27.3,39.510269,-7.030534,8.8,2241,A3
2025-10-15T21:06:00.400000,49526d,RZO182,23000,378.8,202.5,40.197372,-8.650024,0.0,5326,A3
2025-10-15T21:06:00.400000,495146,TAP120R,19750,320.7,212.6,39.322174,-8.729653,0.4,7540,A3
2025-10-15T21:06:00.400000,4aca99,,,,,,,94.2,,A3
2025-10-15T21:06:00.400000,4ca293,EIN4PT,17850,313.5,210.9,39.428023,-8.772461,0.1,3702,A3
2025-10-15T21:06:00.400000,406d8e,,,,,,,105.4,,A3
2025-10-15T21:06:00.400000,4ca88f,RYR4ZF,31975,392.4,182.6,,,13.2,2056,A3
2025-10-15T21:06:00.400000,345642,,,,,,,125.7,,A3
2025-10-15T21:06:00.400000,495218,,,,,,,288.5,,A3
2025-10-15T21:06:00.400000,4951d9,,12625,267.3,262.5,38.598555,-8.633057,7.0,4042,A3
2025-10-15T21:06:00.400000,49514e,TAP437X,19775,313.9,221.3,39.172544,-8.898438,2.1,7667,A3
2025-10-15T21:06:00.400000,3c70b2,,,,,,,148.7,,A4
2025-10-15T21:06:00.400000,3472c9,,,,,,,175.3,,A3
2025-10-15T21:06:00.400000,407689,,22575,,,,,24.8,,A3
2025-10-15T21:06:00.400000,0201a1,,,,,,,124.6,,A3
2025-10-15T21:06:00.400000,40751c,,,,,,,243.8,,A3
2025-10-15T21:06:00.400000,4cad7d,,,,,,,133.0,,A3
2025-10-15T21:07:00.500000,346082,AEA53MV,11175,362.2,66.1,39.005515,-8.753784,1.7,4407,A3
2025-10-15T21:07:00.500000,48c122,,,,,,,165.5,,
2025-10-15T21:07:00.500000,4080ad,,,,,,,110.7,,A3
2025-10-15T21:07:00.500000,4952cb,TAP944,18525,441.1,64.8,39.092521,-8.448914,0.3,4703,A3
2025-10-15T21:07:00.500000,4951d5,,,,,,,203.2,,
2025-10-15T21:07:00.500000,020139,,37000,444.1,192.2,40.098003,-7.066956,1.6,2026,A3
2025-10-15T21:07:00.500000,4ca245,,,,,,,129.6,,
2025-10-15T21:07:00.500000,39d30a,,38000,,,38.685701,-7.403564,2.7,,
2025-10-15T21:07:00.500000,495212,,,,,,,63.5,,
2025-10-15T21:07:00.500000,3c7424,,4475,,,,,60.6,,A3
2025-10-15T21:07:00.500000,44cc44,BEL2ET,25200,417.9,44.7,39.428879,-8.343698,0.0,2265,A3
2025-10-15T21:07:00.500000,407fff,,,,,,,106.3,,A3
2025-10-15T21:07:00.500000,406c72,EZY32PQ,38000,466.7,32.0,39.925713,-8.484254,3.2,6235,A3
2025-10-15T21:07:00.500000,4d21fe,RYR13ZW,26875,414.0,186.9,39.898178,-8.317845,0.1,3734,A3
2025-10-15T21:07:00.500000,3c496e,TUI6DT,36000,483.8,32.5,38.713898,-7.871644,1.5,6206,A3
2025-10-15T21:07:00.500000,4cafc4,RYR22FP,35000,425.9,173.3,39.524734,-7.826147,0.4,4530,A3
2025-10-15T21:07:00.500000,40653d,EZY32RD,37975,435.8,349.2,39.3912,-7.968323,0.1,2267,A3
2025-10-15T21:07:00.500000,49529a,TAP494Y,28850,412.2,44.7,39.582001,-8.151617,0.1,5231,A3
2025-10-15T21:07:00.500000,44093e,EJU45AW,38000,465.3,52.1,39.96761,-7.742615,0.2,1156,A3
2025-10-15T21:07:00.500000,4952cc,TAP19UT,21225,324.2,243.8,38.947495,-7.903111,0.1,2615,A3
2025-10-15T21:07:00.500000,440201,,,,,,,86.4,,A3
2025-10-15T21:07:00.500000,4405ea,EJU18RN,38275,406.8,193.2,39.110138,-7.973984,0.1,5246,A3
2025-10-15T21:07:00.500000,49d543,OKVPL,10400,175.0,200.4,40.38402,-8.744618,0.5,3336,A1
2025-10-15T21:07:00.500000,406fdb,,,458.0,27.3,,,68.9,,A3
2025-10-15T21:07:00.500000,49526d,RZO182,23000,382.3,201.8,40.099365,-8.701477,0.1,5326,A3
2025-10-15T21:07:00.500000,495146,TAP120R,18725,307.4,221.6,39.255798,-8.803034,0.0,7540,A3
2025-10-15T21:07:00.500000,4aca99,,,,,,,154.3,,A3
2025-10-15T21:07:00.500000,4ca293,EIN4PT,16875,311.2,229.0,39.364619,-8.845276,0.0,3702,A3
2025-10-15T21:07:00.500000,406d8e,,,,,,,165.5,,A3
2025-10-15T21:07:00.500000,4ca88f,,,,,,,36.2,,A3
2025-10-15T21:07:00.500000,345642,,,,,,,185.8,,A3
2025-10-15T21:07:00.500000,4951d9,TAP863Y,11450,259.5,262.0,38.590734,-8.70636,15.1,4042,A3
2025-10-15T21:07:00.500000,49514e,,19625,,,,,48.0,7540,A3
2025-10-15T21:07:00.500000,3c70b2,,,,,,,208.8,,A4
2025-10-15T21:07:00.500000,3472c9,,,,,,,235.4,,A3
2025-10-15T21:07:00.500000,407689,,,,,,,14.5,,A3
2025-10-15T21:07:00.500000,0201a1,,,,,,,184.7,,A3
2025-10-15T21:07:00.500000,4cad7d,,,,,,,193.1,,A3
2025-10-15T21:08:00.500000,504e81,,35000,417.8,244.8,,,1.7,,
2025-10-15T21:08:00.500000,346082,AEA53MV,14275,379.1,65.9,39.054337,-8.613281,0.1,4407,A3
2025-10-15T21:08:00.500000,48c122,,,,,,,225.5,,
2025-10-15T21:08:00.500000,4080ad,EZY92QR,37050,447.1,356.0,39.002303,-7.850891,2.5,3330,A3
2025-10-15T21:08:00.500000,4952cb,TAP944,20475,463.3,63.6,39.147918,-8.302429,0.4,4703,A3
2025-10-15T21:08:00.500000,4951d5,,,,,,,263.2,,
2025-10-15T21:08:00.500000,020139,,37000,442.9,192.1,40.053452,-7.079468,18.9,2026,A3
2025-10-15T21:08:00.500000,4ca245,,,,,,,189.6,,
2025-10-15T21:08:00.500000,39d30a,,38000,,,,,47.7,,
2025-10-15T21:08:00.500000,495212,,,,,,,123.5,,
2025-10-15T21:08:00.500000,3c7424,,,,,,,120.6,,A3
2025-10-15T21:08:00.500000,44cc44,BEL2ET,28150,400.9,44.7,39.511258,-8.238525,0.0,2265,A3
2025-10-15T21:08:00.500000,407fff,,,,,,,166.3,,A3
2025-10-15T21:08:00.500000,406c72,EZY32PQ,38025,467.6,31.9,40.047819,-8.385315,0.1,6235,A3
2025-10-15T21:08:00.500000,4d21fe,RYR13ZW,25550,400.5,208.5,39.789222,-8.350037,0.1,3734,A3
2025-10-15T21:08:00.500000,3c496e,TUI6DT,36000,483.0,32.6,38.851547,-7.759632,0.2,6206,A3
2025-10-15T21:08:00.500000,4cafc4,RYR22FP,35000,425.8,173.4,39.41038,-7.809082,2.9,4530,A3
2025-10-15T21:08:00.500000,40653d,EZY32RD,37975,435.8,349.2,39.50148,-7.995599,0.1,2267,A3
2025-10-15T21:08:00.500000,49529a,TAP494Y,30100,427.1,44.8,39.665626,-8.04425,0.0,5231,A3
2025-10-15T21:08:00.500000,44093e,EJU45AW,37975,466.7,52.0,40.065216,-7.580017,0.0,1156,A3
2025-10-15T21:08:00.500000,4952cc,TAP19UT,19900,324.2,243.8,38.947495,-7.903111,1.3,2615,A3
2025-10-15T21:08:00.500000,440201,,30975,480.1,44.7,39.918172,-7.704712,3.8,3372,A3
2025-10-15T21:08:00.500000,4405ea,EJU18RN,35300,430.8,193.4,39.028651,-7.999146,7.3,5246,A3
2025-10-15T21:08:00.500000,49d543,,10400,175.0,200.4,40.382949,-8.74518,1.7,3336,A1
2025-10-15T21:08:00.500000,406fdb,,,,,,,128.9,,A3
2025-10-15T21:08:00.500000,49526d,RZO182,23000,379.0,202.2,40.002245,-8.752733,0.0,5326,A3
2025-10-15T21:08:00.500000,495146,TAP120R,17800,313.1,221.6,39.195602,-8.87146,1.8,7540,A3
2025-10-15T21:08:00.500000,4aca99,,,,,,,214.3,,A3
2025-10-15T21:08:00.500000,4ca293,EIN4PT,16025,305.4,228.6,39.316763,-8.915527,8.1,3702,A3
2025-10-15T21:08:00.500000,406d8e,,,,,,,225.5,,A3
2025-10-15T21:08:00.500000,4ca88f,,,,,,,96.2,,A3
2025-10-15T21:08:00.500000,345642,,,,,,,245.8,,A3
2025-10-15T21:08:00.500000,4951d9,,,,,,,75.1,,A3
2025-10-15T21:08:00.500000,49514e,,,,,,,108.0,,A3
2025-10-15T21:08:00.500000,3c70b2,,,,,,,268.8,,A4
2025-10-15T21:08:00.500000,3472c9,,,,,,,295.4,,A3
2025-10-15T21:08:00.500000,407689,,,,,,,74.5,,A3
2025-10-15T21:08:00.500000,0201a1,,,,,,,244.7,,A3
2025-10-15T21:08:00.500000,4cad7d,,36000,,,,,55.1,,A3
2025-10-15T21:09:01,49514c,,14650,,,,,0.3,,
2025-10-15T21:09:01,504e81,,35000,417.8,244.8,,,5.5,4032,
2025-10-15T21:09:01,406b83,EFW47C,36000,471.2,17.7,40.937572,-8.99025,0.1,4477,A3
2025-10-15T21:09:01,346082,AEA53MV,16975,399.7,65.9,39.098666,-8.486023,0.0,4407,A3
2025-10-15T21:09:01,48c122,,,,,,,286.0,,
2025-10-15T21:09:01,4080ad,EZY92QR,37550,443.2,348.3,39.122818,-7.865136,2.3,3330,A3
2025-10-15T21:09:01,4952cb,TAP944,22425,479.4,63.8,39.205922,-8.151611,0.0,4703,A3
2025-10-15T21:09:01,020139,,,,,,,79.4,,A3
2025-10-15T21:09:01,4ca245,,,,,,,250.1,,
2025-10-15T21:09:01,39d30a,TVF31JV,38000,459.2,14.8,39.063492,-7.276412,0.0,6445,A3
2025-10-15T21:09:01,495212,,,,,,,184.0,,
2025-10-15T21:09:01,3c7424,,,,,,,181.1,,A3
2025-10-15T21:09:01,44cc44,BEL2ET,29600,413.0,44.8,39.592026,-8.135495,0.1,2265,A3
2025-10-15T21:09:01,407fff,,,,,,,226.8,,A3
2025-10-15T21:09:01,406c72,EZY32PQ,38025,466.2,31.8,40.157217,-8.2968,0.0,6235,A3
2025-10-15T21:09:01,4d21fe,RYR13ZW,24225,388.8,216.6,39.70134,-8.433261,0.1,3734,A3
2025-10-15T21:09:01,3c496e,TUI6DT,36000,483.0,32.6,38.961756,-7.669617,0.2,6206,A3
2025-10-15T21:09:01,4cafc4,RYR22FP,35000,426.1,173.1,39.286423,-7.790441,0.1,4530,A3
2025-10-15T21:09:01,40653d,EZY32RD,38000,434.6,349.3,39.628967,-8.027065,0.1,2267,A3
2025-10-15T21:09:01,49529a,TAP494Y,30675,435.6,44.8,39.709757,-7.987427,23.0,5231,A3
2025-10-15T21:09:01,44093e,EJU45AW,37975,470.6,62.1,40.141388,-7.44281,0.4,1156,A3
2025-10-15T21:09:01,4952cc,TAP19UT,18525,314.7,230.5,38.848068,-8.102417,0.0,2615,A3
2025-10-15T21:09:01,440201,,31650,483.7,44.7,39.918172,-7.704712,1.3,,A3
2025-10-15T21:09:01,4405ea,,,,,,,67.8,,A3
2025-10-15T21:09:01,49d543,,10400,175.9,200.3,40.33461,-8.768494,5.7,3445,A1
2025-10-15T21:09:01,406fdb,,,,,,,189.4,,A3
2025-10-15T21:09:01,49526d,RZO182,23000,380.9,202.1,39.902949,-8.805054,0.2,5326,A3
2025-10-15T21:09:01,495146,,17700,312.3,221.8,39.189102,-8.878923,39.4,7540,A3
2025-10-15T21:09:01,4aca99,,,,,,,274.8,,A3
2025-10-15T21:09:01,4ca293,,,306.1,228.7,,,53.6,,A3
2025-10-15T21:09:01,406d8e,,,,,,,286.0,,A3
2025-10-15T21:09:01,4ca88f,,,,,,,156.7,,A3
2025-10-15T21:09:01,4951d9,,,,,,,135.6,,A3
2025-10-15T21:09:01,49514e,,,,,,,168.5,,A3
2025-10-15T21:09:01,407689,,,,,,,135.0,,A3
2025-10-15T21:09:01,4cad7d,,36000,457.7,348.8,,,0.2,3341,A3
2025-10-15T21:10:01,49514c,TAP1366,16375,364.3,46.7,39.124557,-8.747207,1.6,2244,A3
2025-10-15T21:10:01,504e81,,,,,,,65.4,,
2025-10-15T21:10:01,406b83,EFW47C,36000,470.6,17.8,41.064606,-8.936462,0.6,4477,A3
2025-10-15T21:10:01,346082,AEA53MV,19500,416.4,66.2,39.142502,-8.359521,0.1,4407,A3
2025-10-15T21:10:01,4080ad,EZY92QR,38000,440.3,348.9,39.259186,-7.900603,0.4,3330,A3
2025-10-15T21:10:01,4952cb,TAP944,23475,485.7,63.9,39.23584,-8.073458,14.8,4703,A3
2025-10-15T21:10:01,020139,,,,,,,139.4,,A3
2025-10-15T21:10:01,39d30a,TVF31JV,38000,459.4,14.9,39.097229,-7.265008,31.9,6445,A3
2025-10-15T21:10:01,495212,,,,,,,244.0,,
2025-10-15T21:10:01,3c7424,,,,,,,241.0,,A3
2025-10-15T21:10:01,44cc44,BEL2ET,30800,427.8,44.7,39.674515,-8.029692,0.3,2265,A3
2025-10-15T21:10:01,407fff,,,,,,,286.8,,A3
2025-10-15T21:10:01,406c72,EZY32PQ,38025,463.6,32.0,40.267639,-8.206848,0.1,6235,A3
2025-10-15T21:10:01,4d21fe,RYR13ZW,23000,378.6,216.1,39.620361,-8.510165,0.1,3734,A3
2025-10-15T21:10:01,3c496e,TUI6DT,36000,483.0,32.6,39.079193,-7.573163,0.1,6206,A3
2025-10-15T21:10:01,4cafc4,RYR22FP,35000,425.8,173.4,39.183151,-7.775036,2.2,4530,A3
2025-10-15T21:10:01,40653d,EZY32RD,38025,433.8,349.1,39.747116,-8.056322,0.4,2267,A3
2025-10-15T21:10:01,49529a,,31400,443.4,44.9,39.765839,-7.915112,34.6,,A3
2025-10-15T21:10:01,44093e,EJU45AW,38025,473.9,66.6,40.193939,-7.28656,0.3,1156,A3
2025-10-15T21:10:01,4952cc,,18025,313.3,230.6,38.828384,-8.133057,31.9,2615,A3
2025-10-15T21:10:01,440201,TAY2MN,33925,482.2,45.0,40.107651,-7.459534,6.5,3372,A3
2025-10-15T21:10:01,4405ea,,31650,,,,,32.6,,A3
2025-10-15T21:10:01,49d543,,,,,,,65.7,3445,A1
2025-10-15T21:10:01,406fdb,,,,,,,249.3,,A3
2025-10-15T21:10:01,49526d,RZO182,23000,381.2,202.2,39.805481,-8.856413,0.1,5326,A3
2025-10-15T21:10:01,495146,,,,,,,99.4,,A3
2025-10-15T21:10:01,4ca293,,,,,,,113.6,,A3
2025-10-15T21:10:01,4ca88f,,,,,,,216.6,,A3
2025-10-15T21:10:01,4951d9,,,,,,,195.5,,A3
2025-10-15T21:10:01,49514e,,,,,,,228.4,,A3
2025-10-15T21:10:01,407689,,,,,,,194.9,,A3
2025-10-15T21:10:01,4cad7d,EIN497,36000,455.8,348.7,42.477493,-8.763844,10.7,3341,A3
2025-10-15T21:11:01.400000,4401d1,EJU74TC,36025,468.7,38.9,38.725937,-8.719622,0.1,4440,A3
2025-10-15T21:11:01.400000,440c36,EJU45ZU,14300,354.6,66.0,39.003699,-8.75708,0.0,3343,A3
2025-10-15T21:11:01.400000,49514c,TAP1366,19375,386.1,44.4,39.208145,-8.634776,0.3,2244,A3
2025-10-15T21:11:01.400000,504e81,FIA811,34400,417.8,244.5,39.293335,-6.983662,0.5,,
2025-10-15T21:11:01.400000,406b83,,35975,471.8,17.9,41.093429,-8.924269,6.1,4477,A3
2025-10-15T21:11:01.400000,346082,AEA53MV,21700,437.0,66.3,39.193039,-8.211982,0.1,4407,A3
2025-10-15T21:11:01.400000,4080ad,EZY92QR,38000,441.9,348.5,39.378817,-7.931519,0.4,3330,A3
2025-10-15T21:11:01.400000,4952cb,TAP944,25975,496.9,63.8,39.326523,-7.834745,0.1,4703,A3
2025-10-15T21:11:01.400000,020139,,,,,,,199.8,,A3
2025-10-15T21:11:01.400000,39d30a,,38000,468.3,27.1,,,3.8,6445,A3
2025-10-15T21:11:01.400000,44cc44,BEL2ET,31575,428.5,44.8,39.691269,-8.008138,12.4,2265,A3
2025-10-15T21:11:01.400000,406c72,EZY32PQ,38000,462.3,32.0,40.337219,-8.150085,11.9,6235,A3
2025-10-15T21:11:01.400000,4d21fe,RYR13ZW,21575,361.2,216.3,39.531326,-8.594473,0.1,3734,A3
2025-10-15T21:11:01.400000,3c496e,TUI6DT,36000,479.6,32.8,39.190613,-7.481271,0.0,6206,A3
2025-10-15T21:11:01.400000,4cafc4,,35000,425.8,173.4,39.160999,-7.77179,0.5,,A3
2025-10-15T21:11:01.400000,40653d,EZY32RD,38000,434.0,349.0,39.866592,-8.086296,0.2,2267,A3
2025-10-15T21:11:01.400000,49529a,,33150,451.1,45.0,39.901657,-7.739152,6.0,5231,A3
2025-10-15T21:11:01.400000,44093e,,38000,473.9,66.6,40.205109,-7.252747,0.5,1156,A3
2025-10-15T21:11:01.400000,4952cc,TAP19UT,15950,,,,,0.0,,A3
2025-10-15T21:11:01.400000,440201,TAY2MN,35375,479.4,45.0,40.192566,-7.348999,12.4,3372,A3
2025-10-15T21:11:01.400000,4405ea,,,,,,,93.1,,A3
2025-10-15T21:11:01.400000,49d543,OKVPL,10400,176.9,200.2,40.201263,-8.832458,0.3,3336,A1
2025-10-15T21:11:01.400000,49526d,RZO182,23000,380.1,201.8,39.7058,-8.908386,0.1,5326,A3
2025-10-15T21:11:01.400000,495146,,,,,,,159.8,,A3
2025-10-15T21:11:01.400000,4ca293,,,,,,,174.0,,A3
2025-10-15T21:11:01.400000,4ca88f,,,,,,,277.0,,A3
2025-10-15T21:11:01.400000,4951d9,,,,,,,256.0,,A3
2025-10-15T21:11:01.400000,49514e,,,,,,,288.9,,A3
2025-10-15T21:11:01.400000,407689,,,,,,,255.4,,A3
2025-10-15T21:11:01.400000,4cad7d,,35950,451.7,348.8,,,0.4,3341,A3
2025-10-15T21:12:01.400000,44028c,,ground,3.2,115.3,41.239792,-8.673157,1.3,2261,
2025-10-15T21:12:01.400000,4080e3,,30675,480.7,13.7,38.620249,-7.410156,31.6,2224,
2025-10-15T21:12:01.400000,4401d1,EJU74TC,36000,468.7,38.9,38.795797,-8.647888,0.1,4440,A3
2025-10-15T21:12:01.400000,440c36,EJU45ZU,17100,372.0,66.1,39.04527,-8.637451,0.2,3343,A3
2025-10-15T21:12:01.400000,49514c,TAP1366,21200,400.9,44.5,39.26942,-8.557129,7.9,2244,A3
2025-10-15T21:12:01.400000,504e81,FIA811,33525,424.5,244.5,39.287842,-6.99859,2.8,4032,
2025-10-15T21:12:01.400000,406b83,EFW47C,36000,470.9,17.9,41.313761,-8.829949,0.3,4477,A3
2025-10-15T21:12:01.400000,346082,AEA53MV,23800,446.8,66.0,39.240743,-8.074036,2.4,4407,A3
2025-10-15T21:12:01.400000,4080ad,EZY92QR,38000,442.8,348.5,39.499374,-7.963058,0.3,3330,A3
2025-10-15T21:12:01.400000,4952cb,TAP944,27875,487.5,64.2,39.383473,-7.684326,0.4,4703,A3
2025-10-15T21:12:01.400000,020139,RAM807,37000,439.7,192.1,39.47699,-7.239513,2.9,2026,A3
2025-10-15T21:12:01.400000,39d30a,TVF31JV,38000,468.3,27.1,,,32.0,6445,A3
2025-10-15T21:12:01.400000,44cc44,,32625,,,,,0.3,6630,A3
2025-10-15T21:12:01.400000,406c72,EZY32PQ,38000,460.0,32.2,,,0.3,6235,A3
2025-10-15T21:12:01.400000,4d21fe,RYR13ZW,20275,354.2,216.2,39.450415,-8.671204,0.1,3734,A3
2025-10-15T21:12:01.400000,3c496e,TUI6DT,36000,479.6,32.8,39.302053,-7.388977,1.3,6206,A3
2025-10-15T21:12:01.400000,4cafc4,RYR22FP,35000,425.8,173.4,,,0.1,4530,A3
2025-10-15T21:12:01.400000,40653d,EZY32RD,38000,433.8,349.1,39.984462,-8.1159,0.1,2267,A3
2025-10-15T21:12:01.400000,49529a,TAP494Y,34000,451.1,45.2,40.013883,-7.592988,2.4,5231,A3
2025-10-15T21:12:01.400000,44093e,,38000,,,,,3.2,,A3
2025-10-15T21:12:01.400000,4952cc,TAP19UT,15525,281.2,230.2,38.713577,-8.310023,28.8,2615,A3
2025-10-15T21:12:01.400000,440201,,,,,,,72.4,,A3
2025-10-15T21:12:01.400000,4405ea,,,,,,,153.1,,A3
2025-10-15T21:12:01.400000,49d543,OKVPL,10400,176.9,200.2,40.157078,-8.853545,0.3,3336,A1
2025-10-15T21:12:01.400000,49526d,RZO182,23000,379.9,202.1,39.608878,-8.959045,0.3,5326,A3
2025-10-15T21:12:01.400000,495146,,,,,,,219.8,,A3
2025-10-15T21:12:01.400000,4ca293,,,,,,,234.1,,A3
2025-10-15T21:12:01.400000,4cad7d,,35975,451.7,348.8,42.709164,-8.826237,41.3,3341,A3
2025-10-15T21:13:01.600000,4bb86e,PGT1561,32850,427.5,243.0,39.294937,-7.021577,0.0,4010,A3
2025-10-15T21:13:01.600000,44028c,EJU62PW,ground,0.2,115.3,41.239918,-8.674205,0.3,2261,A3
2025-10-15T21:13:01.600000,4080e3,,32325,,,,,24.8,,
2025-10-15T21:13:01.600000,4401d1,EJU74TC,36000,467.9,38.9,38.926749,-8.512634,0.2,4440,A3
2025-10-15T21:13:01.600000,440c36,EJU45ZU,19575,392.1,65.9,39.088238,-8.513733,0.1,3343,A3
2025-10-15T21:13:01.600000,49514c,TAP1366,24000,408.7,44.8,39.366989,-8.433022,0.0,2244,A3
2025-10-15T21:13:01.600000,504e81,,32050,422.2,244.5,39.226959,-7.162668,11.3,4032,
2025-10-15T21:13:01.600000,406b83,EFW47C,36000,469.9,18.0,41.411428,-8.788041,0.3,4477,A3
2025-10-15T21:13:01.600000,346082,AEA53MV,25875,455.8,66.2,39.294479,-7.918396,0.1,4407,A3
2025-10-15T21:13:01.600000,4080ad,EZY92QR,38000,445.8,348.6,39.62178,-7.994942,0.0,3330,A3
2025-10-15T21:13:01.600000,4952cb,,29125,490.2,64.1,39.436356,-7.543457,8.8,4703,A3
2025-10-15T21:13:01.600000,020139,RAM807,37000,440.7,192.0,39.375466,-7.267517,0.9,2026,A3
2025-10-15T21:13:01.600000,39d30a,TVF31JV,38000,467.4,27.4,39.529541,-7.017696,5.5,6445,A3
2025-10-15T21:13:01.600000,44cc44,BEL2ET,33725,451.9,41.8,39.935722,-7.703164,0.6,2265,A3
2025-10-15T21:13:01.600000,406c72,EZY32PQ,38000,459.2,32.1,,,17.6,6235,A3
2025-10-15T21:13:01.600000,4d21fe,RYR13ZW,19175,323.4,216.2,39.375092,-8.742669,0.1,3734,A3
2025-10-15T21:13:01.600000,3c496e,TUI6DT,36000,479.6,32.8,39.387085,-7.318268,8.2,6206,A3
2025-10-15T21:13:01.600000,4cafc4,RYR22FP,35000,431.3,161.9,38.82992,-7.713806,6.4,4530,A3
2025-10-15T21:13:01.600000,40653d,EZY32RD,38000,434.8,349.1,40.082382,-8.140381,3.2,2267,A3
2025-10-15T21:13:01.600000,49529a,TAP494Y,34000,451.1,45.2,40.104474,-7.474386,1.0,5231,A3
2025-10-15T21:13:01.600000,44093e,,38000,,,,,39.7,,A3
2025-10-15T21:13:01.600000,4952cc,TAP19UT,14325,273.4,230.2,38.63974,-8.423349,0.4,2615,A3
2025-10-15T21:13:01.600000,440201,,,475.2,45.2,,,43.6,6255,A3
2025-10-15T21:13:01.600000,4405ea,,27750,409.0,192.7,38.52207,-8.150452,41.5,5246,A3
2025-10-15T21:13:01.600000,49d543,OKVPL,10400,179.0,199.2,40.106781,-8.877197,0.1,3336,A1
2025-10-15T21:13:01.600000,49526d,RZO182,22850,381.4,201.9,39.511459,-9.009924,0.2,5326,A3
2025-10-15T21:13:01.600000,495146,,,,,,,280.1,,A3
2025-10-15T21:13:01.600000,4ca293,,,,,,,294.3,,A3
2025-10-15T21:13:01.600000,4cad7d,,,,,,,55.3,,A3
2025-10-15T21:14:01.700000,4cae93,RYR21KP,37000,433.3,182.0,40.340261,-8.115463,0.3,2051,
2025-10-15T21:14:01.700000,4cad3b,,31000,446.3,215.8,,,1.8,,
2025-10-15T21:14:01.700000,3c7438,,36000,482.4,32.5,,,2.9,,
2025-10-15T21:14:01.700000,4bb86e,,32000,426.7,243.0,39.232969,-7.178162,4.7,4010,A3
2025-10-15T21:14:01.700000,44028c,EJU62PW,ground,0.9,,41.240476,-8.674252,1.8,2261,A3
2025-10-15T21:14:01.700000,4080e3,,34075,,,,,0.4,2224,
2025-10-15T21:14:01.700000,4401d1,EJU74TC,36000,466.5,38.9,39.028372,-8.407227,0.0,4440,A3
2025-10-15T21:14:01.700000,440c36,EJU45ZU,21775,412.0,64.6,39.134558,-8.381836,0.2,3343,A3
2025-10-15T21:14:01.700000,49514c,TAP1366,25950,420.0,44.8,39.449524,-8.327637,0.0,2244,A3
2025-10-15T21:14:01.700000,504e81,,29175,402.1,244.2,39.141261,-7.392029,0.2,4032,
2025-10-15T21:14:01.700000,406b83,,36000,473.1,18.0,41.544067,-8.73101,10.1,4477,A3
2025-10-15T21:14:01.700000,346082,AEA53MV,27450,461.2,66.2,39.342178,-7.779216,4.6,4407,A3
2025-10-15T21:14:01.700000,4080ad,EZY92QR,38000,444.8,348.6,39.742576,-8.026489,0.0,3330,A3
2025-10-15T21:14:01.700000,4952cb,,30700,490.2,64.1,39.505207,-7.359558,0.4,4703,A3
2025-10-15T21:14:01.700000,020139,RAM807,37000,440.7,192.0,39.283539,-7.292832,25.8,2026,A3
2025-10-15T21:14:01.700000,39d30a,,38000,,,39.529541,-7.017696,58.7,,A3
2025-10-15T21:14:01.700000,44cc44,BEL2ET,34200,473.8,36.1,40.041641,-7.602905,0.5,2265,A3
2025-10-15T21:14:01.700000,406c72,,38000,,,,,60.1,,A3
2025-10-15T21:14:01.700000,4d21fe,RYR13ZW,18125,311.4,216.0,39.305544,-8.807922,1.4,3734,A3
2025-10-15T21:14:01.700000,3c496e,TUI6DT,36000,478.8,32.9,39.527985,-7.20106,0.3,6206,A3
2025-10-15T21:14:01.700000,4cafc4,,35000,431.3,161.9,38.82992,-7.713806,47.1,4530,A3
2025-10-15T21:14:01.700000,40653d,EZY32RD,38000,436.2,348.9,40.221497,-8.175537,0.1,2267,A3
2025-10-15T21:14:01.700000,49529a,TAP494Y,34000,452.6,45.2,40.158783,-7.403137,8.2,5231,A3
2025-10-15T21:14:01.700000,44093e,,,,,,,99.8,,A3
2025-10-15T21:14:01.700000,4952cc,TAP19UT,13675,276.2,230.1,38.602432,-8.48049,7.0,2615,A3
2025-10-15T21:14:01.700000,440201,,,,,,,103.7,,A3
2025-10-15T21:14:01.700000,4405ea,,,,,,,101.6,,A3
2025-10-15T21:14:01.700000,49d543,OKVPL,10400,179.1,200.3,40.059952,-8.89978,0.1,3336,A1
2025-10-15T21:14:01.700000,49526d,,22050,350.4,202.0,39.434967,-9.049689,1.9,5326,A3
2025-10-15T21:14:01.700000,4cad7d,,,,,,,115.4,,A3
2025-10-15T21:15:01.900000,4cad3c,RYR7CJ,33000,429.8,173.5,40.392446,-7.956161,6.4,4602,A3
2025-10-15T21:15:01.900000,495148,TAP838Z,10600,311.5,65.7,39.003327,-8.753113,2.7,5220,A3
2025-10-15T21:15:01.900000,4cae93,RYR21KP,37000,432.3,182.0,40.224951,-8.120582,0.2,2051,A3
2025-10-15T21:15:01.900000,4cad3b,,31000,446.5,215.6,40.362122,-7.967163,0.9,1123,
2025-10-15T21:15:01.900000,3c7438,,36000,482.4,32.5,,,57.7,,
2025-10-15T21:15:01.900000,4bb86e,,31550,,,,,46.1,,A3
2025-10-15T21:15:01.900000,44028c,EJU62PW,150,0.0,,41.240479,-8.67424,19.8,2261,A3
2025-10-15T21:15:01.900000,4080e3,BAW507,35175,464.2,13.7,39.079376,-7.267217,0.3,2224,A3
2025-10-15T21:15:01.900000,4401d1,EJU74TC,36000,467.0,39.2,39.130321,-8.301147,0.1,4440,A3
2025-10-15T21:15:01.900000,440c36,EJU45ZU,23325,421.7,64.0,39.169785,-8.289065,17.6,3343,A3
2025-10-15T21:15:01.900000,49514c,TAP1366,27675,427.8,44.7,39.532207,-8.221741,0.1,2244,A3
2025-10-15T21:15:01.900000,504e81,FIA811,27125,394.5,244.1,39.093018,-7.520201,0.0,4032,A3
2025-10-15T21:15:01.900000,406b83,,,,,,,55.7,,A3
2025-10-15T21:15:01.900000,346082,AEA53MV,28800,457.2,66.4,39.386169,-7.649947,0.3,4407,A3
2025-10-15T21:15:01.900000,4080ad,EZY92QR,38000,447.2,348.4,39.863983,-8.058412,0.0,3330,A3
2025-10-15T21:15:01.900000,4952cb,TAP944,31900,497.8,64.2,39.559158,-7.214853,2.2,4703,A3
2025-10-15T21:15:01.900000,020139,,37000,441.7,192.0,39.121663,-7.336975,0.2,2026,A3
2025-10-15T21:15:01.900000,39d30a,,,,,,,118.9,,A3
2025-10-15T21:15:01.900000,44cc44,BEL2ET,35200,473.0,36.1,40.10196,-7.54561,0.0,2265,A3
2025-10-15T21:15:01.900000,406c72,,,,,,,120.3,,A3
2025-10-15T21:15:01.900000,4d21fe,RYR13ZW,17300,310.6,216.1,39.255157,-8.8551,0.8,3734,A3
2025-10-15T21:15:01.900000,3c496e,TUI6DT,36000,478.8,32.9,39.557739,-7.176222,31.5,6206,A3
2025-10-15T21:15:01.900000,4cafc4,,,,,,,107.3,,A3
2025-10-15T21:15:01.900000,40653d,EZY32RD,38025,436.8,349.2,40.307255,-8.197049,17.7,2267,A3
2025-10-15T21:15:01.900000,49529a,,,,,,,3.8,,A3
2025-10-15T21:15:01.900000,44093e,,,,,,,160.0,,A3
2025-10-15T21:15:01.900000,4952cc,,,,,,,67.2,,A3
2025-10-15T21:15:01.900000,440201,,,,,,,163.9,,A3
2025-10-15T21:15:01.900000,4405ea,EJU18RN,22800,369.7,183.4,,,0.1,5246,A3
2025-10-15T21:15:01.900000,49d543,OKVPL,10400,177.8,200.1,40.013417,-8.922022,0.0,3336,A1
2025-10-15T21:15:01.900000,49526d,,21025,354.9,202.0,,,0.1,,A3
2025-10-15T21:15:01.900000,4cad7d,,,,,,,175.6,,A3
2025-10-15T21:16:00,4cad3c,,33000,431.0,173.2,40.3026,-7.942366,23.8,4602,A3
2025-10-15T21:16:00,495148,TAP838Z,11500,368.4,65.8,39.043716,-8.637344,0.2,5220,A3
2025-10-15T21:16:00,4cae93,RYR21KP,37000,432.3,182.0,40.187756,-8.122267,2.8,2051,A3
2025-10-15T21:16:00,4cad3b,,30475,445.9,215.5,40.320197,-8.006287,0.3,1123,
2025-10-15T21:16:00,3c7438,,36000,482.4,32.5,,,2.4,6222,
2025-10-15T21:16:00,4bb86e,PGT1561,29625,353.8,242.6,39.123917,-7.451537,0.4,4010,A3
2025-10-15T21:16:00,44028c,,,,,,,77.9,,A3
2025-10-15T21:16:00,4080e3,BAW507,35300,464.2,13.7,39.097916,-7.261426,38.8,2224,A3
2025-10-15T21:16:00,4401d1,EJU74TC,36000,468.4,39.2,39.226917,-8.200073,0.1,4440,A3
2025-10-15T21:16:00,440c36,EJU45ZU,26050,432.5,64.4,39.235436,-8.11499,0.2,3343,A3
2025-10-15T21:16:00,49514c,TAP1366,29100,436.3,44.9,39.614185,-8.116272,0.1,2244,A3
2025-10-15T21:16:00,504e81,FIA811,26475,392.2,244.2,39.078278,-7.55931,28.9,4032,A3
2025-10-15T21:16:00,406b83,,,,,,,113.7,,A3
2025-10-15T21:16:00,346082,AEA53MV,29650,456.3,66.4,39.431442,-7.51644,17.3,,A3
2025-10-15T21:16:00,4080ad,EZY92QR,38025,448.9,348.6,39.983252,-8.090057,0.0,3330,A3
2025-10-15T21:16:00,4952cb,,31900,,,39.559158,-7.214853,60.2,,A3
2025-10-15T21:16:00,020139,RAM807,37000,441.7,192.0,38.996577,-7.371033,0.1,2026,A3
2025-10-15T21:16:00,39d30a,,,,,,,177.0,,A3
2025-10-15T21:16:00,44cc44,BEL2ET,35900,472.2,36.2,40.226028,-7.427734,1.2,2265,A3
2025-10-15T21:16:00,406c72,,,,,,,178.3,,A3
2025-10-15T21:16:00,4d21fe,RYR13ZW,17150,310.4,216.4,39.221797,-8.886597,47.2,3734,A3
2025-10-15T21:16:00,3c496e,,,,,,,89.6,,A3
2025-10-15T21:16:00,4cafc4,,,,,,,165.3,,A3
2025-10-15T21:16:00,40653d,,,,,,,29.1,,A3
2025-10-15T21:16:00,49529a,,,,,,,61.9,,A3
2025-10-15T21:16:00,44093e,,,,,,,218.1,,A3
2025-10-15T21:16:00,4952cc,,,,,,,125.3,,A3
2025-10-15T21:16:00,440201,,,,,,,221.9,,A3
2025-10-15T21:16:00,4405ea,EJU18RN,20875,358.6,183.4,,,1.4,5246,A3
2025-10-15T21:16:00,49d543,OKVPL,10400,178.7,200.0,39.968262,-8.943495,0.3,3336,A1
2025-10-15T21:16:00,49526d,,20725,354.5,201.9,39.317368,-9.110657,26.7,,A3
2025-10-15T21:16:00,4cad7d,,,,,,,233.7,,A3
2025-10-15T21:17:00.100000,3c64b0,,35000,427.8,216.3,,,1.4,2547,
2025-10-15T21:17:00.100000,4cae94,,9675,,,39.003067,-8.924242,5.1,,
2025-10-15T21:17:00.100000,4cad3c,RYR7CJ,33000,431.9,173.4,40.138229,-7.917297,0.0,4602,A3
2025-10-15T21:17:00.100000,495148,TAP838Z,12825,396.6,65.9,39.087307,-8.512207,0.3,5220,A3
2025-10-15T21:17:00.100000,4cae93,RYR21KP,37000,430.3,182.0,39.982879,-8.131568,0.0,2051,A3
2025-10-15T21:17:00.100000,4cad3b,RYR65QF,29675,450.9,215.5,40.179702,-8.137311,5.5,1123,A3
2025-10-15T21:17:00.100000,3c7438,,36000,482.4,32.5,,,33.0,6222,
2025-10-15T21:17:00.100000,4bb86e,PGT1561,27675,343.0,242.8,39.078742,-7.56366,0.2,4010,A3
2025-10-15T21:17:00.100000,44028c,,,,,,,138.0,,A3
2025-10-15T21:17:00.100000,4080e3,,36000,463.9,25.1,,,3.7,2224,A3
2025-10-15T21:17:00.100000,4401d1,EJU74TC,36000,469.8,39.2,39.329006,-8.093018,0.0,4440,A3
2025-10-15T21:17:00.100000,440c36,EJU45ZU,28125,435.7,64.4,39.287064,-7.976313,0.4,3343,A3
2025-10-15T21:17:00.100000,49514c,TAP1366,30250,448.3,45.0,39.702621,-8.002107,0.5,2244,A3
2025-10-15T21:17:00.100000,504e81,FIA811,23775,368.5,243.9,39.004258,-7.754578,2.9,4032,A3
2025-10-15T21:17:00.100000,406b83,,,,,,,173.9,,A3
2025-10-15T21:17:00.100000,346082,,,,,,,77.4,,A3
2025-10-15T21:17:00.100000,4080ad,EZY92QR,38025,448.7,348.7,40.098003,-8.120145,0.0,3330,A3
2025-10-15T21:17:00.100000,4952cb,,,,,,,120.4,,A3
2025-10-15T21:17:00.100000,020139,RAM807,37000,441.5,191.9,38.97995,-7.375528,51.0,2026,A3
2025-10-15T21:17:00.100000,39d30a,,,,,,,237.1,,A3
2025-10-15T21:17:00.100000,44cc44,BEL2ET,36000,470.8,36.2,40.336807,-7.322021,0.6,2265,A3
2025-10-15T21:17:00.100000,406c72,,,,,,,238.5,,A3
2025-10-15T21:17:00.100000,4d21fe,,,,,,,107.3,,A3
2025-10-15T21:17:00.100000,3c496e,,,,,,,149.7,,A3
2025-10-15T21:17:00.100000,4cafc4,,,,,,,225.5,,A3
2025-10-15T21:17:00.100000,40653d,,,,,,,89.2,,A3
2025-10-15T21:17:00.100000,49529a,,,,,,,122.0,,A3
2025-10-15T21:17:00.100000,44093e,,,,,,,278.2,,A3
2025-10-15T21:17:00.100000,4952cc,,,,,,,185.4,,A3
2025-10-15T21:17:00.100000,440201,,,,,,,282.1,,A3
2025-10-15T21:17:00.100000,4405ea,,20875,353.6,183.2,,,56.5,,A3
2025-10-15T21:17:00.100000,49d543,OKVPL,10400,180.0,200.1,39.930089,-8.961535,8.0,3336,A1
2025-10-15T21:17:00.100000,49526d,,,,,,,86.8,,A3
2025-10-15T21:17:00.100000,4cad7d,,,,,,,293.8,,A3
2025-10-15T21:18:00.300000,345688,,30000,493.6,113.4,40.522842,-5.919983,10.4,3351,
2025-10-15T21:18:00.300000,3c64b0,,34750,428.0,216.1,,,0.5,2547,
2025-10-15T21:18:00.300000,4cae94,,9675,,,39.003067,-8.924242,36.9,,
2025-10-15T21:18:00.300000,4cad3c,RYR7CJ,33000,431.9,173.4,40.018911,-7.89917,0.1,4602,A3
2025-10-15T21:18:00.300000,495148,TAP838Z,14450,412.7,66.0,39.133942,-8.378687,0.1,5220,A3
2025-10-15T21:18:00.300000,4cae93,RYR21KP,37000,429.3,182.0,39.862867,-8.136902,0.0,2051,A3
2025-10-15T21:18:00.300000,4cad3b,,,450.9,215.5,,,1.5,1123,A3
2025-10-15T21:18:00.300000,3c7438,,36000,482.1,32.6,38.913295,-7.711487,2.3,6222,
2025-10-15T21:18:00.300000,4bb86e,PGT1561,25725,341.7,242.8,39.075948,-7.570679,0.4,4010,A3
2025-10-15T21:18:00.300000,44028c,,,,,,,198.2,,A3
2025-10-15T21:18:00.300000,4080e3,,36000,,,,,48.0,,A3
2025-10-15T21:18:00.300000,4401d1,EJU74TC,36025,469.0,39.3,39.429373,-7.987427,0.4,4440,A3
2025-10-15T21:18:00.300000,440c36,EJU45ZU,29600,450.9,64.5,39.340691,-7.831726,0.0,3343,A3
2025-10-15T21:18:00.300000,49514c,TAP1366,30425,448.3,45.0,39.717299,-7.983154,49.5,2244,A3
2025-10-15T21:18:00.300000,504e81,FIA811,22325,346.6,243.8,38.957985,-7.875488,0.4,4032,A3
2025-10-15T21:18:00.300000,406b83,,,,,,,1.9,,A3
2025-10-15T21:18:00.300000,346082,,,,,,,137.6,,A3
2025-10-15T21:18:00.300000,4080ad,EZY92QR,38000,448.1,348.4,40.202745,-8.14786,2.5,3330,A3
2025-10-15T21:18:00.300000,4952cb,,,,,,,180.6,,A3
2025-10-15T21:18:00.300000,020139,,,,,,,111.2,,A3
2025-10-15T21:18:00.300000,39d30a,,,,,,,297.3,,A3
2025-10-15T21:18:00.300000,44cc44,BEL2ET,36000,471.6,36.1,40.446446,-7.216832,5.5,2265,A3
2025-10-15T21:18:00.300000,406c72,,,,,,,298.7,,A3
2025-10-15T21:18:00.300000,4d21fe,,,,,,,167.5,,A3
2025-10-15T21:18:00.300000,3c496e,,,,,,,209.9,,A3
2025-10-15T21:18:00.300000,4cafc4,,,,,,,285.7,,A3
2025-10-15T21:18:00.300000,40653d,,,437.1,348.9,,,5.9,,A3
2025-10-15T21:18:00.300000,49529a,,34000,451.9,45.4,,,4.1,5231,A3
2025-10-15T21:18:00.300000,4952cc,,,,,,,245.6,,A3
2025-10-15T21:18:00.300000,4405ea,,,,,,,116.7,,A3
2025-10-15T21:18:00.300000,49d543,,10400,,,39.913563,-8.96936,2.5,,A1
2025-10-15T21:18:00.300000,49526d,,,,,,,147.0,,A3
2025-10-15T21:19:00.800000,4d2217,,12150,,,,,47.9,,
2025-10-15T21:19:00.800000,345688,ANE73JA,30000,493.4,113.9,40.467907,-5.756461,19.0,3351,
2025-10-15T21:19:00.800000,3c64b0,,33300,426.6,216.0,40.393158,-7.932678,1.1,2547,
2025-10-15T21:19:00.800000,4cae94,RYR5C,14125,345.1,4.5,39.179443,-8.870445,1.7,3345,A3
2025-10-15T21:19:00.800000,4cad3c,RYR7CJ,33000,431.9,173.4,39.897456,-7.880737,0.1,4602,A3
2025-10-15T21:19:00.800000,495148,TAP838Z,15425,420.4,66.0,39.16333,-8.294021,0.8,5220,A3
2025-10-15T21:19:00.800000,4cae93,RYR21KP,37000,429.3,182.0,39.743973,-8.142212,0.1,2051,A3
2025-10-15T21:19:00.800000,4cad3b,RYR65QF,27275,415.8,186.6,39.953613,-8.309021,0.0,1123,A3
2025-10-15T21:19:00.800000,3c7438,TUI5E,36000,481.3,32.7,38.968739,-7.665833,33.2,6222,
2025-10-15T21:19:00.800000,4bb86e,PGT1561,23750,315.3,244.2,38.997648,-7.771973,0.0,4010,A3
2025-10-15T21:19:00.800000,44028c,,,,,,,258.7,,A3
2025-10-15T21:19:00.800000,4080e3,BAW507,36000,470.1,27.2,39.511026,-7.030029,17.0,2224,A3
2025-10-15T21:19:00.800000,4401d1,EJU74TC,36025,466.8,39.3,39.531183,-7.879822,0.1,4440,A3
2025-10-15T21:19:00.800000,440c36,EJU45ZU,30775,450.9,64.5,39.340691,-7.831726,0.0,3343,A3
2025-10-15T21:19:00.800000,49514c,,14525,,,,,57.4,,A3
2025-10-15T21:19:00.800000,504e81,FIA811,22100,340.3,244.0,38.949738,-7.89714,39.8,4032,A3
2025-10-15T21:19:00.800000,406b83,,,,,,,62.3,,A3
2025-10-15T21:19:00.800000,346082,,,,,,,198.1,,A3
2025-10-15T21:19:00.800000,4080ad,EZY92QR,38000,449.1,348.4,40.304993,-8.175049,15.5,3330,A3
2025-10-15T21:19:00.800000,4952cb,,,,,,,241.0,,A3
2025-10-15T21:19:00.800000,020139,RAM807,37000,437.6,192.0,38.636216,-7.468445,0.2,2026,A3
2025-10-15T21:19:00.800000,44cc44,,36000,471.6,36.1,40.479778,-7.184871,36.6,2265,A3
2025-10-15T21:19:00.800000,4d21fe,,,,,,,227.9,,A3
2025-10-15T21:19:00.800000,3c496e,,36000,475.4,33.2,,,28.8,,A3
2025-10-15T21:19:00.800000,40653d,,,437.1,348.9,,,66.3,,A3
2025-10-15T21:19:00.800000,49529a,,,,,,,64.5,,A3
2025-10-15T21:19:00.800000,4405ea,,,,,,,177.2,,A3
2025-10-15T21:19:00.800000,49d543,,10400,181.0,200.0,39.866272,-8.991832,16.6,,A1
2025-10-15T21:19:00.800000,49526d,,,,,,,207.5,,A3
2025-10-15T21:20:01,4071d7,EZY12RW,31050,451.8,350.1,38.546356,-7.824535,0.2,4405,A3
2025-10-15T21:20:01,4d2217,,,,,,,108.1,,
2025-10-15T21:20:01,345688,,18925,,,,,44.7,,
2025-10-15T21:20:01,3c64b0,DLH48X,31900,433.3,215.9,40.311119,-8.010594,0.7,2547,A3
2025-10-15T21:20:01,4cae94,RYR5C,16200,363.2,4.7,39.280334,-8.859817,0.0,3345,A3
2025-10-15T21:20:01,4cad3c,RYR7CJ,33000,431.9,173.4,39.83745,-7.871704,30.4,4602,A3
2025-10-15T21:20:01,495148,TAP838Z,17650,433.4,66.0,39.229889,-8.100984,0.6,5220,A3
2025-10-15T21:20:01,4cae93,RYR21KP,37000,430.3,182.0,39.624194,-8.147522,0.1,2051,A3
2025-10-15T21:20:01,4cad3b,RYR65QF,26225,410.9,186.8,39.839265,-8.326782,0.0,1123,A3
2025-10-15T21:20:01,3c7438,TUI5E,36000,479.1,32.7,39.142053,-7.523254,0.3,6222,A3
2025-10-15T21:20:01,4bb86e,PGT1561,21875,301.9,243.9,38.959854,-7.871167,0.2,4010,A3
2025-10-15T21:20:01,4080e3,,,,,,,77.3,,A3
2025-10-15T21:20:01,4401d1,EJU74TC,36000,465.3,39.5,39.631922,-7.772888,0.0,4440,A3
2025-10-15T21:20:01,440c36,EJU45ZU,32600,466.6,64.8,39.451126,-7.531307,0.3,3343,A3
2025-10-15T21:20:01,49514c,,16750,481.5,45.1,,,10.5,2244,A3
2025-10-15T21:20:01,504e81,FIA811,19575,312.7,230.7,38.866104,-8.074712,0.0,4032,A3
2025-10-15T21:20:01,406b83,,,,,,,122.5,,A3
2025-10-15T21:20:01,346082,,,,,,,258.3,,A3
2025-10-15T21:20:01,4080ad,,,,,,,75.7,,A3
2025-10-15T21:20:01,020139,,37000,437.6,192.0,38.63049,-7.470032,57.9,2026,A3
2025-10-15T21:20:01,44cc44,,,,,,,96.9,,A3
2025-10-15T21:20:01,4d21fe,,,,,,,288.1,,A3
2025-10-15T21:20:01,3c496e,,,,,,,89.0,,A3
2025-10-15T21:20:01,40653d,,,,,,,126.6,,A3
2025-10-15T21:20:01,49529a,,,,,,,124.7,,A3
2025-10-15T21:20:01,4405ea,,,,,,,237.4,,A3
2025-10-15T21:20:01,49d543,,10275,180.0,200.1,,,1.8,3336,A1
2025-10-15T21:20:01,49526d,,,,,,,267.7,,A3
2025-10-15T21:21:00.400000,7380cb,,,,,,,34.5,,
2025-10-15T21:21:00.400000,495217,TAP404W,15075,323.8,64.0,38.977118,-8.743286,0.7,1153,A3
2025-10-15T21:21:00.400000,4952c8,TAP57W,36725,,,40.471939,-8.221863,0.9,,A3
2025-10-15T21:21:00.400000,4071d7,EZY12RW,32100,454.7,350.1,38.632462,-7.843641,0.9,4405,A3
2025-10-15T21:21:00.400000,4d2217,,,,,,,167.5,,
2025-10-15T21:21:00.400000,345688,,,,,,,59.4,,
2025-10-15T21:21:00.400000,3c64b0,DLH48X,30050,420.2,216.0,40.1939,-8.121456,0.2,2547,A3
2025-10-15T21:21:00.400000,4cae94,RYR5C,18200,375.1,4.4,39.38205,-8.849607,0.0,3345,A3
2025-10-15T21:21:00.400000,4cad3c,RYR7CJ,33000,435.6,165.6,39.664462,-7.842407,0.3,4602,A3
2025-10-15T21:21:00.400000,495148,TAP838Z,19125,442.8,66.2,39.27873,-7.958679,0.3,5220,A3
2025-10-15T21:21:00.400000,4cae93,RYR21KP,37000,431.2,181.9,39.53009,-8.151676,0.4,2051,A3
2025-10-15T21:21:00.400000,4cad3b,RYR65QF,25150,385.8,186.8,39.730042,-8.343579,0.0,1123,A3
2025-10-15T21:21:00.400000,3c7438,TUI5E,36000,478.2,32.8,39.207784,-7.468811,23.0,6222,A3
2025-10-15T21:21:00.400000,4bb86e,PGT1561,21475,297.4,243.9,38.950071,-7.896729,33.4,4010,A3
2025-10-15T21:21:00.400000,4080e3,,,,,,,136.6,,A3
2025-10-15T21:21:00.400000,4401d1,EJU74TC,36000,465.3,39.5,39.693836,-7.70697,11.2,4440,A3
2025-10-15T21:21:00.400000,440c36,EJU45ZU,34000,461.2,64.7,39.505325,-7.382932,0.0,3343,A3
2025-10-15T21:21:00.400000,49514c,TAP1366,33625,485.8,45.4,40.074075,-7.518144,0.5,2244,A3
2025-10-15T21:21:00.400000,504e81,FIA811,18225,317.4,230.2,38.830536,-8.129584,14.5,4032,A3
2025-10-15T21:21:00.400000,406b83,,,,,,,181.9,,A3
2025-10-15T21:21:00.400000,4080ad,,,,,,,135.1,,A3
2025-10-15T21:21:00.400000,020139,,,,,,,117.2,,A3
2025-10-15T21:21:00.400000,44cc44,,,,,,,156.2,,A3
2025-10-15T21:21:00.400000,3c496e,TUI6DT,36000,470.4,33.1,40.273865,-6.569397,6.6,6206,A3
2025-10-15T21:21:00.400000,40653d,,,,,,,185.9,,A3
2025-10-15T21:21:00.400000,49529a,,,,,,,184.1,,A3
2025-10-15T21:21:00.400000,4405ea,,,,,,,296.8,,A3
2025-10-15T21:21:00.400000,49d543,,9825,194.5,199.8,,,0.6,3336,A1
2025-10-15T21:22:00.700000,7380cb,,,,,,,94.8,,
2025-10-15T21:22:00.700000,495217,TAP404W,18375,338.6,64.3,39.018922,-8.632751,0.0,1153,A3
2025-10-15T21:22:00.700000,4952c8,,35625,424.3,208.7,40.357485,-8.303979,0.0,2053,A3
2025-10-15T21:22:00.700000,4071d7,,33500,454.7,350.1,38.696641,-7.857971,1.6,4405,A3
2025-10-15T21:22:00.700000,4d2217,,,,,,,227.8,,
2025-10-15T21:22:00.700000,345688,,,,,,,119.7,,
2025-10-15T21:22:00.700000,3c64b0,DLH48X,29850,419.1,215.8,40.179749,-8.134814,20.5,2547,A3
2025-10-15T21:22:00.700000,4cae94,RYR5C,20200,376.0,4.3,39.488029,-8.83905,0.1,3345,A3
2025-10-15T21:22:00.700000,4cad3c,RYR7CJ,33000,436.9,163.1,39.543777,-7.795457,0.4,4602,A3
2025-10-15T21:22:00.700000,495148,TAP838Z,20250,456.3,66.4,39.326912,-7.817627,0.3,5220,A3
2025-10-15T21:22:00.700000,4cae93,RYR21KP,37000,432.3,182.0,39.385986,-8.158125,0.1,2051,A3
2025-10-15T21:22:00.700000,4cad3b,RYR65QF,24025,352.2,232.4,39.64882,-8.414917,0.0,1123,A3
2025-10-15T21:22:00.700000,3c7438,TUI5E,36000,478.2,32.8,39.360289,-7.342285,0.9,6222,A3
2025-10-15T21:22:00.700000,4bb86e,,18875,288.2,230.1,38.881989,-8.050829,0.9,4010,A3
2025-10-15T21:22:00.700000,4080e3,,,,,,,196.9,,A3
2025-10-15T21:22:00.700000,4401d1,,,,,,,71.5,,A3
2025-10-15T21:22:00.700000,440c36,EJU45ZU,35475,459.4,64.9,39.559387,-7.234199,0.7,3343,A3
2025-10-15T21:22:00.700000,49514c,TAP1366,34000,485.8,45.3,40.164642,-7.399048,1.2,2244,A3
2025-10-15T21:22:00.700000,504e81,,,,,,,74.9,,A3
2025-10-15T21:22:00.700000,406b83,,,,,,,242.2,,A3
2025-10-15T21:22:00.700000,4080ad,,,,,,,195.4,,A3
2025-10-15T21:22:00.700000,020139,,37000,,,,,21.9,,A3
2025-10-15T21:22:00.700000,44cc44,,,,,,,216.5,,A3
2025-10-15T21:22:00.700000,3c496e,,36000,466.0,27.1,40.322159,-6.532349,7.9,,A3
2025-10-15T21:22:00.700000,40653d,,,,,,,246.2,,A3
2025-10-15T21:22:00.700000,49529a,,,,,,,244.4,,A3
2025-10-15T21:22:00.700000,49d543,,9400,189.5,200.1,39.680649,-9.079424,0.3,3336,A1
2025-10-15T21:23:01.500000,452124,,40975,398.0,243.8,,,1.3,,
2025-10-15T21:23:01.500000,7380cb,,,,,,,155.6,,
2025-10-15T21:23:01.500000,495217,TAP404W,20825,352.0,64.2,39.060074,-8.52356,0.4,1153,A3
2025-10-15T21:23:01.500000,4952c8,TAP57W,34325,429.1,208.5,40.250198,-8.380493,0.1,2053,A3
2025-10-15T21:23:01.500000,4071d7,,33500,,,,,62.4,,A3
2025-10-15T21:23:01.500000,4d2217,,,,,,,288.6,,
2025-10-15T21:23:01.500000,345688,,,,,,,180.5,,
2025-10-15T21:23:01.500000,3c64b0,DLH48X,27200,412.1,202.4,40.000534,-8.292053,0.1,2547,A3
2025-10-15T21:23:01.500000,4cae94,RYR5C,22150,380.1,4.4,39.594308,-8.828674,0.2,3345,A3
2025-10-15T21:23:01.500000,4cad3c,RYR7CJ,33000,436.3,163.4,39.461792,-7.763572,3.0,4602,A3
2025-10-15T21:23:01.500000,495148,TAP838Z,21475,467.1,66.4,39.381226,-7.657471,0.1,5220,A3
2025-10-15T21:23:01.500000,4cae93,RYR21KP,37000,433.2,181.9,39.267045,-8.16333,0.9,2051,A3
2025-10-15T21:23:01.500000,4cad3b,RYR65QF,22950,339.4,225.0,39.589513,-8.51178,0.1,1123,A3
2025-10-15T21:23:01.500000,3c7438,TUI5E,36000,477.4,32.9,39.478206,-7.24408,0.1,6222,A3
2025-10-15T21:23:01.500000,4bb86e,PGT1561,17750,286.2,230.2,38.840607,-8.114239,1.3,4010,A3
2025-10-15T21:23:01.500000,4080e3,,,,,,,257.7,,A3
2025-10-15T21:23:01.500000,4401d1,,,,,,,132.3,,A3
2025-10-15T21:23:01.500000,440c36,,36050,458.1,64.9,39.561349,-7.228882,33.4,3343,A3
2025-10-15T21:23:01.500000,49514c,TAP1366,21325,487.2,45.4,40.179283,-7.379754,7.2,2244,A3
2025-10-15T21:23:01.500000,504e81,,15275,306.1,230.4,38.723734,-8.294312,15.7,4032,A3
2025-10-15T21:23:01.500000,4080ad,,38000,444.0,348.4,,,1.4,3330,A3
2025-10-15T21:23:01.500000,020139,,,,,,,82.7,,A3
2025-10-15T21:23:01.500000,44cc44,,,,,,,277.3,,A3
2025-10-15T21:23:01.500000,3c496e,,36000,462.0,25.8,,,2.7,6206,A3
2025-10-15T21:23:01.500000,40653d,EZY32RD,37950,433.2,348.8,,,0.2,2267,A3
2025-10-15T21:23:01.500000,49d543,OKVPL,8975,184.1,200.0,39.669159,-9.084857,3.5,3336,A1
2025-10-15T21:24:00.600000,4d2304,,,,,,,5.9,,
2025-10-15T21:24:00.600000,40666c,EZY79YV,35975,474.6,31.6,39.429565,-8.88173,0.0,6271,A3
2025-10-15T21:24:00.600000,452124,LZB563,39775,400.7,243.6,39.433656,-6.652222,0.8,4002,A3
2025-10-15T21:24:00.600000,7380cb,,,,,,,214.8,,
2025-10-15T21:24:00.600000,495217,TAP404W,22500,389.6,64.3,39.096106,-8.42749,0.1,1153,A3
2025-10-15T21:24:00.600000,4952c8,TAP57W,32150,430.5,208.6,40.172241,-8.435974,8.3,2053,A3
2025-10-15T21:24:00.600000,4071d7,EZY12RW,34000,447.7,350.1,39.038474,-7.934875,0.3,4405,A3
2025-10-15T21:24:00.600000,345688,,,,,,,239.6,,
2025-10-15T21:24:00.600000,3c64b0,DLH48X,25825,403.1,187.1,39.889263,-8.318787,0.0,2547,A3
2025-10-15T21:24:00.600000,4cae94,RYR5C,24050,381.1,4.4,39.698398,-8.818359,0.0,3345,A3
2025-10-15T21:24:00.600000,4cad3c,,33000,,,,,19.0,,A3
2025-10-15T21:24:00.600000,495148,TAP838Z,22600,472.7,62.7,39.435518,-7.513794,1.4,5220,A3
2025-10-15T21:24:00.600000,4cae93,RYR21KP,37000,434.3,182.0,39.170105,-8.167499,8.2,2051,A3
2025-10-15T21:24:00.600000,4cad3b,RYR65QF,21950,324.8,211.1,39.514796,-8.578857,0.0,1123,A3
2025-10-15T21:24:00.600000,3c7438,TUI5E,36000,477.6,33.1,39.547943,-7.185715,2.5,6222,A3
2025-10-15T21:24:00.600000,4bb86e,,,286.2,230.2,,,54.3,,A3
2025-10-15T21:24:00.600000,4401d1,,36000,461.7,39.6,40.009647,-7.368331,6.6,,A3
2025-10-15T21:24:00.600000,440c36,,,,,,,92.6,,A3
2025-10-15T21:24:00.600000,49514c,,21325,,,,,47.0,,A3
2025-10-15T21:24:00.600000,504e81,,,,,,,74.8,,A3
2025-10-15T21:24:00.600000,4080ad,,,,,,,58.1,3330,A3
2025-10-15T21:24:00.600000,020139,,,,,,,141.9,,A3
2025-10-15T21:24:00.600000,3c496e,,36000,,,40.605283,-6.352657,20.1,,A3
2025-10-15T21:24:00.600000,40653d,EZY32RD,38025,435.2,348.9,,,2.1,2267,A3
2025-10-15T21:24:00.600000,49d543,,8700,182.8,199.8,39.599754,-9.117493,15.4,3336,A1
2025-10-15T21:25:00.700000,4d2304,,41000,,,,,7.4,5226,
2025-10-15T21:25:00.700000,440237,EJU97RH,12750,358.0,46.8,39.088331,-8.79834,0.5,5214,A3
2025-10-15T21:25:00.700000,40666c,EZY79YV,36000,475.9,31.7,39.540756,-8.793481,0.1,6271,A3
2025-10-15T21:25:00.700000,452124,LZB563,38025,416.4,243.6,39.387616,-6.772034,8.5,4002,A3
2025-10-15T21:25:00.700000,7380cb,,,,,,,274.8,,
2025-10-15T21:25:00.700000,495217,TAP404W,25625,394.5,64.5,39.151922,-8.278381,2.5,1153,A3
2025-10-15T21:25:00.700000,4952c8,TAP57W,29175,424.3,195.4,40.038391,-8.519287,0.1,2053,A3
2025-10-15T21:25:00.700000,4071d7,EZY12RW,34900,446.7,350.1,39.159943,-7.962401,1.1,4405,A3
2025-10-15T21:25:00.700000,345688,,,,,,,299.6,,
2025-10-15T21:25:00.700000,3c64b0,DLH48X,25200,361.4,186.7,39.784744,-8.3351,0.1,2547,A3
2025-10-15T21:25:00.700000,4cae94,RYR5C,26000,377.1,4.4,39.803653,-8.8078,0.1,3345,A3
2025-10-15T21:25:00.700000,4cad3c,RYR7CJ,33000,436.3,163.4,39.195602,-7.660934,0.1,4602,A3
2025-10-15T21:25:00.700000,495148,TAP838Z,22600,472.7,62.7,39.435518,-7.513794,7.3,,A3
2025-10-15T21:25:00.700000,4cae93,RYR21KP,36625,434.3,182.0,39.0336,-8.17353,0.4,2051,A3
2025-10-15T21:25:00.700000,4cad3b,RYR65QF,20950,332.5,211.3,39.437164,-8.639792,0.1,1123,A3
2025-10-15T21:25:00.700000,3c7438,,36000,,,,,62.6,,A3
2025-10-15T21:25:00.700000,4bb86e,PGT1561,15450,275.4,230.0,38.731842,-8.28202,0.2,4010,A3
2025-10-15T21:25:00.700000,4401d1,EJU74TC,36000,460.8,39.8,40.123001,-7.245796,0.1,4440,A3
2025-10-15T21:25:00.700000,440c36,,,,,,,152.6,,A3
2025-10-15T21:25:00.700000,49514c,,,,,,,107.1,,A3
2025-10-15T21:25:00.700000,504e81,,13225,264.1,230.2,38.608383,-8.470877,1.0,4032,A3
2025-10-15T21:25:00.700000,4080ad,,,,,,,118.1,,A3
2025-10-15T21:25:00.700000,020139,,,,,,,201.9,,A3
2025-10-15T21:25:00.700000,3c496e,,,,,,,80.2,,A3
2025-10-15T21:25:00.700000,40653d,,38025,436.2,348.9,,,39.1,2267,A3
2025-10-15T21:25:00.700000,49d543,,,,,,,75.5,,A1
2025-10-15T21:26:00.800000,48683e,TRA6674,34025,482.9,38.9,38.752503,-8.699768,0.3,4467,A3
2025-10-15T21:26:00.800000,4d2304,,,,,,,37.4,,
2025-10-15T21:26:00.800000,440237,EJU97RH,15225,370.7,46.7,39.156921,-8.704754,0.2,5214,A3
2025-10-15T21:26:00.800000,40666c,EZY79YV,36000,475.9,31.7,39.653243,-8.703796,0.0,6271,A3
2025-10-15T21:26:00.800000,452124,,,,,,,68.7,4002,A3
2025-10-15T21:26:00.800000,495217,TAP404W,27875,405.7,64.4,39.202972,-8.141168,0.1,1153,A3
2025-10-15T21:26:00.800000,4952c8,TAP57W,27725,421.6,177.0,39.953458,-8.529011,1.2,2053,A3
2025-10-15T21:26:00.800000,4071d7,EZY12RW,35825,445.9,349.9,39.283173,-7.990345,0.2,4405,A3
2025-10-15T21:26:00.800000,3c64b0,DLH48X,24200,346.3,210.0,39.690033,-8.363999,0.1,2547,A3
2025-10-15T21:26:00.800000,4cae94,RYR5C,27475,383.1,4.3,39.907883,-8.797541,0.1,3345,A3
2025-10-15T21:26:00.800000,4cad3c,RYR7CJ,33000,436.3,163.4,39.107117,-7.6269,9.5,4602,A3
2025-10-15T21:26:00.800000,495148,TAP838Z,24525,482.6,63.8,39.541306,-7.24005,1.3,5220,A3
2025-10-15T21:26:00.800000,4cae93,RYR21KP,35825,439.3,182.1,38.930923,-8.178067,3.1,2051,A3
2025-10-15T21:26:00.800000,4cad3b,RYR65QF,20000,326.2,211.2,39.360755,-8.699646,0.1,1123,A3
2025-10-15T21:26:00.800000,3c7438,,,,,,,122.7,,A3
2025-10-15T21:26:00.800000,4bb86e,PGT1561,15050,270.5,230.2,38.727039,-8.289368,36.8,4010,A3
2025-10-15T21:26:00.800000,4401d1,EJU74TC,35975,462.2,39.8,40.224671,-7.135433,0.1,4440,A3
2025-10-15T21:26:00.800000,440c36,,,,,,,212.7,,A3
2025-10-15T21:26:00.800000,49514c,TAP1366,34000,484.4,45.8,40.537216,-6.903564,0.4,2244,A3
2025-10-15T21:26:00.800000,504e81,,13225,264.1,230.2,38.608383,-8.470877,61.1,,A3
2025-10-15T21:26:00.800000,4080ad,,37975,442.0,348.4,,,3.2,,A3
2025-10-15T21:26:00.800000,020139,,,,,,,262.1,,A3
2025-10-15T21:26:00.800000,3c496e,,,,,,,140.3,,A3
2025-10-15T21:26:00.800000,40653d,,38025,436.4,348.8,,,0.1,2267,A3
2025-10-15T21:26:00.800000,49d543,,,,,,,135.6,,A1
2025-10-15T21:27:00.900000,4952ce,TAP67U,36300,407.4,216.6,,,1.2,,A3
2025-10-15T21:27:00.900000,48683e,TRA6674,34000,481.3,39.0,38.859341,-8.589355,0.3,4467,A3
2025-10-15T21:27:00.900000,4d2304,,,,,,,97.5,,
2025-10-15T21:27:00.900000,440237,EJU97RH,18475,350.9,46.8,39.225632,-8.610356,0.1,5214,A3
2025-10-15T21:27:00.900000,40666c,EZY79YV,36025,475.1,31.7,39.766784,-8.612976,0.3,6271,A3
2025-10-15T21:27:00.900000,452124,LZB563,34000,431.6,243.4,39.282257,-7.044266,3.2,4002,A3
2025-10-15T21:27:00.900000,495217,TAP404W,29475,419.6,64.6,39.248703,-8.01781,0.8,1153,A3
2025-10-15T21:27:00.900000,4952c8,TAP57W,26375,386.7,176.4,39.810791,-8.517449,0.1,2053,A3
2025-10-15T21:27:00.900000,4071d7,EZY12RW,36775,441.8,350.0,39.404561,-8.017761,0.2,4405,A3
2025-10-15T21:27:00.900000,3c64b0,DLH48X,23225,342.1,232.1,39.625777,-8.454163,0.1,2547,A3
2025-10-15T21:27:00.900000,4cae94,RYR5C,28575,395.1,4.4,40.015931,-8.786815,0.4,3345,A3
2025-10-15T21:27:00.900000,4cad3c,,,,,,,69.6,,A3
2025-10-15T21:27:00.900000,495148,,,,,,,61.4,,A3
2025-10-15T21:27:00.900000,4cae93,,,,,,,63.2,,A3
2025-10-15T21:27:00.900000,4cad3b,RYR65QF,18975,312.4,221.5,39.287808,-8.766724,0.5,1123,A3
2025-10-15T21:27:00.900000,3c7438,,,,,,,182.8,,A3
2025-10-15T21:27:00.900000,4bb86e,PGT1561,13550,262.0,230.1,38.641479,-8.420304,3.2,4010,A3
2025-10-15T21:27:00.900000,4401d1,EJU74TC,36000,462.9,39.9,40.282582,-7.072261,6.4,4440,A3
2025-10-15T21:27:00.900000,440c36,,,,,,,272.8,,A3
2025-10-15T21:27:00.900000,49514c,,34000,484.4,45.8,40.575897,-6.851624,39.0,2244,A3
2025-10-15T21:27:00.900000,504e81,,,,,,,121.2,,A3
2025-10-15T21:27:00.900000,4080ad,EZY92QR,37975,446.4,348.2,41.296956,-8.443617,1.9,3330,A3
2025-10-15T21:27:00.900000,3c496e,,,,,,,200.4,,A3
2025-10-15T21:27:00.900000,40653d,,38025,436.2,348.9,,,47.3,2267,A3
2025-10-15T21:27:00.900000,49d543,,,179.7,199.8,,,2.4,,A1
2025-10-15T21:28:00.900000,4952ce,TAP67U,35325,419.0,216.5,40.341568,-7.974426,0.6,3364,A3
2025-10-15T21:28:00.900000,48683e,TRA6674,34000,479.9,39.0,38.949606,-8.495483,9.3,4467,A3
2025-10-15T21:28:00.900000,4d2304,RYR99HY,41000,428.9,192.9,40.220718,-7.655457,0.1,5226,A3
2025-10-15T21:28:00.900000,440237,EJU97RH,19775,386.8,44.7,39.295944,-8.515539,0.0,5214,A3
2025-10-15T21:28:00.900000,40666c,EZY79YV,36000,475.1,31.7,39.87822,-8.523361,0.1,6271,A3
2025-10-15T21:28:00.900000,452124,LZB563,31675,439.6,243.4,39.220779,-7.201956,0.1,4002,A3
2025-10-15T21:28:00.900000,495217,TAP404W,30875,439.3,64.7,39.303085,-7.870391,0.5,1153,A3
2025-10-15T21:28:00.900000,4952c8,TAP57W,25175,352.6,211.1,39.714692,-8.548279,0.2,2053,A3
2025-10-15T21:28:00.900000,4071d7,EZY12RW,37400,442.9,349.9,39.525038,-8.045471,0.0,4405,A3
2025-10-15T21:28:00.900000,3c64b0,DLH48X,22150,327.6,213.5,39.562792,-8.540894,0.1,2547,A3
2025-10-15T21:28:00.900000,4cae94,RYR5C,29550,392.1,4.4,40.125366,-8.775696,0.3,3345,A3
2025-10-15T21:28:00.900000,4cad3c,,,,,,,129.7,,A3
2025-10-15T21:28:00.900000,495148,,,,,,,121.5,,A3
2025-10-15T21:28:00.900000,4cae93,,32675,,,,,4.2,,A3
2025-10-15T21:28:00.900000,4cad3b,RYR65QF,17975,313.2,221.4,39.223206,-8.840292,0.1,1123,A3
2025-10-15T21:28:00.900000,3c7438,,,,,,,242.9,,A3
2025-10-15T21:28:00.900000,4bb86e,,13075,263.5,230.4,38.619923,-8.45343,27.6,4010,A3
2025-10-15T21:28:00.900000,4401d1,EJU74TC,36000,462.9,39.9,,,32.6,,A3
2025-10-15T21:28:00.900000,49514c,,,,,,,99.0,,A3
2025-10-15T21:28:00.900000,504e81,,,,,,,181.2,,A3
2025-10-15T21:28:00.900000,4080ad,,38025,447.4,348.3,,,12.8,3330,A3
2025-10-15T21:28:00.900000,3c496e,,,,,,,260.4,,A3
2025-10-15T21:28:00.900000,40653d,,,,,,,107.3,,A3
2025-10-15T21:28:00.900000,49d543,OKVPL,7000,168.9,199.7,39.39255,-9.214417,0.2,3336,A1
2025-10-15T21:29:01,44028c,EJU62PW,5575,271.0,116.8,,,1.4,2261,A3
2025-10-15T21:29:01,342090,IBS1513,33000,425.2,241.0,,,4.2,2640,
2025-10-15T21:29:01,4952ce,TAP67U,34225,422.6,216.4,40.219116,-8.09259,0.4,3364,A3
2025-10-15T21:29:01,48683e,TRA6674,33975,478.4,39.1,39.053421,-8.387464,2.6,4467,A3
2025-10-15T21:29:01,4d2304,RYR99HY,41000,421.6,192.9,40.080002,-7.697449,0.1,5226,A3
2025-10-15T21:29:01,440237,EJU97RH,21125,413.7,44.5,39.376465,-8.414632,0.1,5214,A3
2025-10-15T21:29:01,40666c,EZY79YV,36000,477.0,31.9,39.991538,-8.431944,0.1,6271,A3
2025-10-15T21:29:01,452124,,29575,451.2,243.3,39.204163,-7.244528,0.4,4002,A3
2025-10-15T21:29:01,495217,TAP404W,32250,443.3,64.8,39.352478,-7.735927,4.9,1153,A3
2025-10-15T21:29:01,4952c8,TAP57W,24000,347.8,211.4,39.631503,-8.613403,0.1,2053,A3
2025-10-15T21:29:01,4071d7,EZY12RW,38000,437.6,350.0,39.645841,-8.07312,0.1,4405,A3
2025-10-15T21:29:01,3c64b0,DLH48X,20875,329.5,211.5,39.485515,-8.601746,0.0,2547,A3
2025-10-15T21:29:01,4cae94,RYR5C,30550,393.1,4.4,40.234039,-8.764954,0.2,3345,A3
2025-10-15T21:29:01,4cad3c,,,,,,,189.7,,A3
2025-10-15T21:29:01,495148,,,,,,,181.6,,A3
2025-10-15T21:29:01,4cae93,,30850,453.2,181.9,38.602233,-8.191589,24.2,2051,A3
2025-10-15T21:29:01,4cad3b,RYR65QF,17600,315.9,221.7,39.194098,-8.873413,28.6,1123,A3
2025-10-15T21:29:01,4bb86e,,,,,,,87.7,,A3
2025-10-15T21:29:01,4401d1,,,,,,,92.7,,A3
2025-10-15T21:29:01,49514c,,,,,,,159.1,,A3
2025-10-15T21:29:01,504e81,,,,,,,241.3,,A3
2025-10-15T21:29:01,4080ad,,,,,,,72.9,,A3
2025-10-15T21:29:01,40653d,,,,,,,167.4,,A3
2025-10-15T21:29:01,49d543,OKVPL,7000,163.5,199.7,39.349503,-9.234546,0.4,3336,A1
2025-10-15T21:30:01.200000,3420ca,IBE05CY,11225,330.6,65.1,38.999556,-8.766418,0.1,3333,A3
2025-10-15T21:30:01.200000,44028c,EJU62PW,8675,294.2,76.4,41.115588,-8.538062,0.1,2261,A3
2025-10-15T21:30:01.200000,342090,,33000,,,,,64.4,,
2025-10-15T21:30:01.200000,4952ce,TAP67U,33050,419.0,216.5,40.198105,-8.112854,27.6,3364,A3
2025-10-15T21:30:01.200000,48683e,TRA6674,33975,479.8,39.2,39.15411,-8.282349,5.6,4467,A3
2025-10-15T21:30:01.200000,4d2304,RYR99HY,41000,421.8,193.0,39.968399,-7.730896,0.3,5226,A3
2025-10-15T21:30:01.200000,440237,EJU97RH,22850,426.4,44.7,39.461634,-8.306458,0.0,5214,A3
2025-10-15T21:30:01.200000,40666c,EZY79YV,36000,478.4,31.9,40.099594,-8.344482,0.1,6271,A3
2025-10-15T21:30:01.200000,452124,LZB563,27375,464.2,243.1,39.106999,-7.491638,0.0,4002,A3
2025-10-15T21:30:01.200000,495217,TAP404W,33550,455.7,63.3,39.40773,-7.587612,0.0,1153,A3
2025-10-15T21:30:01.200000,4952c8,TAP57W,22875,334.8,211.3,39.550919,-8.676453,0.2,2053,A3
2025-10-15T21:30:01.200000,4071d7,EZY12RW,38000,435.9,349.8,39.766737,-8.101074,0.0,4405,A3
2025-10-15T21:30:01.200000,3c64b0,DLH48X,19550,322.8,211.6,39.408052,-8.66272,0.1,2547,A3
2025-10-15T21:30:01.200000,4cae94,RYR5C,31225,410.3,4.5,40.345825,-8.753723,0.2,3345,A3
2025-10-15T21:30:01.200000,4cad3c,,33000,431.9,163.5,,,26.3,,A3
2025-10-15T21:30:01.200000,495148,,,,,,,241.8,,A3
2025-10-15T21:30:01.200000,4cae93,,,,,,,84.4,,A3
2025-10-15T21:30:01.200000,4cad3b,,,,,,,88.8,,A3
2025-10-15T21:30:01.200000,4bb86e,,,,,,,147.9,,A3
2025-10-15T21:30:01.200000,4401d1,,,,,,,152.9,,A3
2025-10-15T21:30:01.200000,49514c,,,,,,,219.3,,A3
2025-10-15T21:30:01.200000,4080ad,,,,,,,133.1,,A3
2025-10-15T21:30:01.200000,40653d,,,,,,,227.6,,A3
2025-10-15T21:30:01.200000,49d543,OKVPL,7000,164.5,199.5,39.331148,-9.243103,25.3,3336,A1
2025-10-15T21:31:01.200000,407e71,,38000,454.8,17.8,40.977173,-8.972412,5.4,4450,
2025-10-15T21:31:01.200000,3420ca,IBE05CY,12575,376.1,66.2,39.039505,-8.650897,0.0,3333,A3
2025-10-15T21:31:01.200000,44028c,,8750,295.9,76.7,41.121128,-8.507413,26.0,2261,A3
2025-10-15T21:31:01.200000,342090,IBS1513,33000,429.3,240.9,39.294708,-7.047849,0.2,2640,A3
2025-10-15T21:31:01.200000,4952ce,,30150,409.8,216.4,40.045259,-8.259784,1.3,3364,A3
2025-10-15T21:31:01.200000,48683e,TRA6674,33975,482.0,39.1,39.27594,-8.154483,0.3,4467,A3
2025-10-15T21:31:01.200000,4d2304,RYR99HY,41000,422.8,193.0,39.852067,-7.765686,0.2,5226,A3
2025-10-15T21:31:01.200000,440237,EJU97RH,24525,432.8,44.8,39.545335,-8.199463,0.1,5214,A3
2025-10-15T21:31:01.200000,40666c,EZY79YV,36000,478.9,32.0,40.215591,-8.250183,0.0,6271,A3
2025-10-15T21:31:01.200000,452124,LZB563,25700,440.5,243.1,39.062256,-7.604868,12.3,4002,A3
2025-10-15T21:31:01.200000,495217,,34375,457.9,63.5,39.43309,-7.522351,20.0,1153,A3
2025-10-15T21:31:01.200000,4952c8,TAP57W,21775,325.3,211.3,39.472092,-8.738131,0.1,2053,A3
2025-10-15T21:31:01.200000,4071d7,EZY12RW,38000,436.7,350.0,39.885818,-8.128629,0.0,4405,A3
2025-10-15T21:31:01.200000,3c64b0,DLH48X,18325,304.6,211.0,39.333522,-8.720886,0.0,2547,A3
2025-10-15T21:31:01.200000,4cae94,RYR5C,31875,427.2,4.3,40.461639,-8.742065,0.2,3345,A3
2025-10-15T21:31:01.200000,4cad3c,,,,,,,86.2,,A3
2025-10-15T21:31:01.200000,4cae93,,,,,,,144.3,,A3
2025-10-15T21:31:01.200000,4cad3b,,,,,,,148.7,,A3
2025-10-15T21:31:01.200000,4bb86e,,,,,,,207.8,,A3
2025-10-15T21:31:01.200000,4401d1,,,,,,,212.8,,A3
2025-10-15T21:31:01.200000,49514c,,,,,,,279.3,,A3
2025-10-15T21:31:01.200000,4080ad,,,,,,,193.0,,A3
2025-10-15T21:31:01.200000,40653d,,,,,,,287.6,,A3
2025-10-15T21:31:01.200000,49d543,,,,,,,57.7,,A1
2025-10-15T21:32:01.100000,345613,,11850,348.8,46.7,39.042068,-8.866743,0.3,3363,
2025-10-15T21:32:01.100000,407e71,EXS73WL,38000,455.7,17.8,41.115189,-8.913879,0.0,4450,A3
2025-10-15T21:32:01.100000,3420ca,IBE05CY,14650,389.8,65.6,39.082626,-8.527242,0.9,3333,A3
2025-10-15T21:32:01.100000,44028c,,,,,,,85.9,,A3
2025-10-15T21:32:01.100000,342090,IBS1513,33000,431.8,229.2,39.287016,-7.064941,2.8,2640,A3
2025-10-15T21:32:01.100000,4952ce,TAP67U,27450,417.4,186.2,39.923813,-8.312927,0.0,3364,A3
2025-10-15T21:32:01.100000,48683e,TRA6674,34025,481.7,39.4,39.379097,-8.046021,0.0,4467,A3
2025-10-15T21:32:01.100000,4d2304,RYR99HY,41000,426.0,193.0,39.817246,-7.776123,3.6,5226,A3
2025-10-15T21:32:01.100000,440237,EJU97RH,26025,439.8,44.8,39.630707,-8.089998,0.0,5214,A3
2025-10-15T21:32:01.100000,40666c,EZY79YV,36025,476.7,32.1,40.32019,-8.164856,0.4,6271,A3
2025-10-15T21:32:01.100000,452124,LZB563,23850,385.1,244.0,39.007645,-7.746615,0.1,4002,A3
2025-10-15T21:32:01.100000,495217,,,,,,,79.8,,A3
2025-10-15T21:32:01.100000,4952c8,TAP57W,20700,330.8,221.7,39.396835,-8.799631,0.3,2053,A3
2025-10-15T21:32:01.100000,4071d7,EZY12RW,38000,437.8,349.9,40.004247,-8.156038,0.1,4405,A3
2025-10-15T21:32:01.100000,3c64b0,DLH48X,17250,311.0,221.5,39.267883,-8.789182,0.2,2547,A3
2025-10-15T21:32:01.100000,4cae94,RYR5C,32425,440.3,4.4,40.570042,-8.731135,0.6,3345,A3
2025-10-15T21:32:01.100000,4cad3c,,,,,,,146.1,,A3
2025-10-15T21:32:01.100000,4cae93,,,,,,,204.2,,A3
2025-10-15T21:32:01.100000,4cad3b,,,,,,,208.6,,A3
2025-10-15T21:32:01.100000,4bb86e,,,,,,,267.7,,A3
2025-10-15T21:32:01.100000,4401d1,,,,,,,11.6,,A3
2025-10-15T21:32:01.100000,4080ad,,,,,,,252.9,,A3
2025-10-15T21:32:01.100000,49d543,,,,,,,117.6,,A1
2025-10-15T21:33:01,495293,,,,,,,2.8,,
2025-10-15T21:33:01,345613,VOE2LY,14900,356.6,46.8,39.109047,-8.775024,0.1,3363,A3
2025-10-15T21:33:01,407e71,EXS73WL,38000,456.0,17.9,41.235507,-8.862596,0.2,4450,A3
2025-10-15T21:33:01,3420ca,IBE05CY,15300,401.5,65.7,39.100662,-8.476072,25.5,3333,A3
2025-10-15T21:33:01,44028c,,,,,,,145.8,,A3
2025-10-15T21:33:01,342090,,33000,432.3,227.0,39.223007,-7.17395,42.6,2640,A3
2025-10-15T21:33:01,4952ce,TAP67U,26250,383.8,186.9,39.811386,-8.330622,0.0,3364,A3
2025-10-15T21:33:01,48683e,TRA6674,34000,482.3,39.5,39.481796,-7.937144,0.2,4467,A3
2025-10-15T21:33:01,4d2304,RYR99HY,41000,426.5,192.7,39.62317,-7.833679,0.1,5226,A3
2025-10-15T21:33:01,440237,EJU97RH,26875,441.2,45.0,39.678102,-8.029053,17.4,5214,A3
2025-10-15T21:33:01,40666c,,36025,476.7,32.1,40.345893,-8.143865,40.6,,A3
2025-10-15T21:33:01,452124,LZB563,22275,352.0,243.9,38.957932,-7.876839,0.0,4002,A3
2025-10-15T21:33:01,495217,,36075,,,,,38.6,,A3
2025-10-15T21:33:01,4952c8,TAP57W,19825,326.0,228.7,39.3479,-8.869967,9.8,2053,A3
2025-10-15T21:33:01,4071d7,EZY12RW,38000,439.0,349.8,40.119324,-8.182922,2.8,4405,A3
2025-10-15T21:33:01,3c64b0,DLH48X,16175,310.2,221.9,39.202789,-8.863459,0.1,2547,A3
2025-10-15T21:33:01,4cae94,,32925,440.3,4.4,40.647629,-8.723206,27.7,3345,A3
2025-10-15T21:33:01,4cad3c,,,,,,,206.0,,A3
2025-10-15T21:33:01,4cae93,,,,,,,264.1,,A3
2025-10-15T21:33:01,4cad3b,,,,,,,268.5,,A3
2025-10-15T21:33:01,4401d1,,,,,,,71.6,,A3
2025-10-15T21:33:01,49d543,,,,,,,177.5,,A1
2025-10-15T21:34:00.900000,495293,,,,,,,59.2,,
2025-10-15T21:34:00.900000,345613,VOE2LY,17375,374.3,46.8,39.178131,-8.680481,0.3,3363,A3
2025-10-15T21:34:00.900000,407e71,EXS73WL,38000,455.1,17.9,41.235507,-8.862596,9.6,4450,A3
2025-10-15T21:34:00.900000,3420ca,IBE05CY,18325,411.4,66.1,39.167496,-8.283572,8.5,3333,A3
2025-10-15T21:34:00.900000,44028c,,,,,,,205.7,,A3
2025-10-15T21:34:00.900000,342090,IBS1513,33000,436.9,207.1,39.028839,-7.346749,0.1,2640,A3
2025-10-15T21:34:00.900000,4952ce,TAP67U,25375,361.5,192.5,39.709717,-8.347221,0.0,3364,A3
2025-10-15T21:34:00.900000,48683e,TRA6674,34000,483.1,39.5,39.586029,-7.826027,0.0,4467,A3
2025-10-15T21:34:00.900000,4d2304,RYR99HY,41000,424.8,192.9,39.50798,-7.867704,0.0,5226,A3
2025-10-15T21:34:00.900000,440237,,,,,,,77.3,,A3
2025-10-15T21:34:00.900000,40666c,EZY79YV,36000,473.1,32.0,40.50175,-8.0159,12.7,6271,A3
2025-10-15T21:34:00.900000,452124,LZB563,21825,342.1,243.8,38.943558,-7.914396,24.9,4002,A3
2025-10-15T21:34:00.900000,495217,,,,,,,98.5,,A3
2025-10-15T21:34:00.900000,4952c8,,19500,321.7,228.8,,,24.9,3225,A3
2025-10-15T21:34:00.900000,4071d7,EZY12RW,38000,438.8,349.9,40.244614,-8.212158,0.0,4405,A3
2025-10-15T21:34:00.900000,3c64b0,DLH48X,15475,306.8,221.4,39.155182,-8.917734,0.2,2547,A3
2025-10-15T21:34:00.900000,4cae94,,,,,,,31.0,,A3
2025-10-15T21:34:00.900000,4cad3c,,,,,,,265.9,,A3
2025-10-15T21:34:00.900000,4401d1,,,,,,,131.5,,A3
2025-10-15T21:34:00.900000,49d543,,,,,,,237.5,,A1
2025-10-15T21:35:01.300000,495297,TAP1096,12900,296.1,64.8,38.986475,-8.756897,0.7,4413,A3
2025-10-15T21:35:01.300000,495293,,,,,,,119.6,,
2025-10-15T21:35:01.300000,345613,VOE2LY,19500,396.0,45.8,39.251171,-8.579834,0.0,3363,A3
2025-10-15T21:35:01.300000,407e71,,38000,,,,,27.4,,A3
2025-10-15T21:35:01.300000,3420ca,IBE05CY,20300,424.3,65.8,39.221703,-8.127869,1.2,3333,A3
2025-10-15T21:35:01.300000,44028c,,,,,,,266.1,,A3
2025-10-15T21:35:01.300000,342090,IBS1513,33000,435.6,207.0,38.979309,-7.37917,33.3,2640,A3
2025-10-15T21:35:01.300000,4952ce,TAP67U,24350,347.6,232.8,39.63913,-8.431708,0.0,3364,A3
2025-10-15T21:35:01.300000,48683e,TRA6674,34000,482.3,39.5,39.680145,-7.725777,0.2,4467,A3
2025-10-15T21:35:01.300000,4d2304,RYR99HY,41000,422.8,193.0,39.398369,-7.900269,0.5,5226,A3
2025-10-15T21:35:01.300000,440237,,,,,,,137.7,,A3
2025-10-15T21:35:01.300000,40666c,,36000,,,40.558544,-7.96927,46.1,,A3
2025-10-15T21:35:01.300000,452124,LZB563,19725,315.4,230.4,38.865253,-8.076904,0.1,4002,A3
2025-10-15T21:35:01.300000,495217,,,,,,,158.9,,A3
2025-10-15T21:35:01.300000,4952c8,,,,,,,85.3,,A3
2025-10-15T21:35:01.300000,4071d7,EZY12RW,38000,440.0,349.8,40.345987,-8.235876,0.1,4405,A3
2025-10-15T21:35:01.300000,3c64b0,,15125,306.0,221.6,39.13372,-8.942139,54.8,2547,A3
2025-10-15T21:35:01.300000,4cae94,,34025,,,,,60.2,,A3
2025-10-15T21:35:01.300000,4401d1,,,,,,,57.9,,A3
2025-10-15T21:35:01.300000,49d543,,,,,,,297.9,,A1
2025-10-15T21:36:00.600000,400e14,EZY65RF,37325,439.7,7.4,38.730194,-7.508021,31.4,2274,A3
2025-10-15T21:36:00.600000,396669,,6275,261.1,215.3,41.093216,-8.655884,6.5,,
2025-10-15T21:36:00.600000,495297,,15775,312.3,65.0,39.027191,-8.645524,0.3,4413,A3
2025-10-15T21:36:00.600000,495293,TAP827V,15725,432.1,244.5,39.274401,-7.034607,4.5,,A3
2025-10-15T21:36:00.600000,345613,VOE2LY,21600,410.8,44.7,39.329705,-8.480225,0.3,3363,A3
2025-10-15T21:36:00.600000,407e71,,,,,,,86.7,,A3
2025-10-15T21:36:00.600000,3420ca,IBE05CY,21775,437.4,66.1,39.269348,-7.990106,2.3,3333,A3
2025-10-15T21:36:00.600000,342090,,33000,434.7,206.8,38.852234,-7.461807,3.4,2640,A3
2025-10-15T21:36:00.600000,4952ce,TAP67U,23350,340.9,221.1,39.580399,-8.525928,0.1,3364,A3
2025-10-15T21:36:00.600000,48683e,,34000,,,39.680145,-7.725777,21.2,4467,A3
2025-10-15T21:36:00.600000,4d2304,RYR99HY,41000,421.4,192.8,39.280975,-7.934398,0.2,5226,A3
2025-10-15T21:36:00.600000,440237,EJU97RH,30550,465.3,45.0,39.957367,-7.667419,5.0,5214,A3
2025-10-15T21:36:00.600000,40666c,,,,,,,105.4,,A3
2025-10-15T21:36:00.600000,452124,LZB563,18975,309.0,230.4,38.846191,-8.106358,14.6,4002,A3
2025-10-15T21:36:00.600000,495217,,,,,,,218.2,,A3
2025-10-15T21:36:00.600000,4952c8,,,,,,,144.6,,A3
2025-10-15T21:36:00.600000,4071d7,EZY12RW,38000,440.0,349.8,40.467162,-8.264403,8.0,4405,A3
2025-10-15T21:36:00.600000,3c64b0,,,,,,,114.1,,A3
2025-10-15T21:36:00.600000,4cae94,,,,,,,119.5,,A3
2025-10-15T21:36:00.600000,4401d1,,,,,,,117.2,,A3
2025-10-15T21:37:00.500000,44083f,EJU12AL,7475,297.6,266.3,41.470782,-8.360212,0.2,6740,A3
2025-10-15T21:37:00.500000,34568d,VOE7PM,34000,418.9,352.2,40.503571,-5.450928,10.2,5047,A3
2025-10-15T21:37:00.500000,44d1b4,JAF3KJ,38000,468.7,38.9,38.786407,-8.666899,5.7,6220,A3
2025-10-15T21:37:00.500000,400e14,,37950,,,,,52.1,,A3
2025-10-15T21:37:00.500000,396669,,,,,,,66.5,,
2025-10-15T21:37:00.500000,495297,TAP1096,17450,319.9,65.0,39.052626,-8.575562,10.3,4413,A3
2025-10-15T21:37:00.500000,495293,,32425,433.4,244.4,39.221564,-7.177246,23.1,4024,A3
2025-10-15T21:37:00.500000,345613,VOE2LY,23700,420.7,44.7,39.412125,-8.375224,0.2,3363,A3
2025-10-15T21:37:00.500000,407e71,,,,,,,146.6,,A3
2025-10-15T21:37:00.500000,3420ca,IBE05CY,23375,445.9,66.2,39.320663,-7.840954,0.1,3333,A3
2025-10-15T21:37:00.500000,342090,IBS1513,33000,436.9,206.8,38.705718,-7.556396,0.3,2640,A3
2025-10-15T21:37:00.500000,4952ce,TAP67U,22400,328.9,211.3,39.500551,-8.589417,0.0,3364,A3
2025-10-15T21:37:00.500000,48683e,,,,,,,81.1,,A3
2025-10-15T21:37:00.500000,4d2304,RYR99HY,41000,419.4,192.8,39.166865,-7.967651,0.2,5226,A3
2025-10-15T21:37:00.500000,440237,EJU97RH,32200,465.4,41.6,40.080406,-7.524074,1.2,5214,A3
2025-10-15T21:37:00.500000,40666c,,,,,,,165.3,,A3
2025-10-15T21:37:00.500000,452124,,,,,,,74.5,,A3
2025-10-15T21:37:00.500000,495217,,,,,,,278.1,,A3
2025-10-15T21:37:00.500000,4952c8,,,,,,,204.5,,A3
2025-10-15T21:37:00.500000,4071d7,,38000,,,40.467162,-8.264403,67.9,,A3
2025-10-15T21:37:00.500000,3c64b0,,13050,,,39.005468,-9.087463,31.2,,A3
2025-10-15T21:37:00.500000,4cae94,,,,,,,179.4,,A3
2025-10-15T21:37:00.500000,4401d1,,,,,,,177.1,,A3
2025-10-15T21:38:01.300000,4cae9e,,34000,438.0,356.1,38.682266,-7.91553,0.6,3337,
2025-10-15T21:38:01.300000,495298,TAP4TL,29725,419.4,232.6,40.085266,-8.160706,1.0,2302,A3
2025-10-15T21:38:01.300000,44083f,EJU12AL,6975,294.6,266.3,41.469223,-8.392806,32.0,,A3
2025-10-15T21:38:01.300000,34568d,,34000,,,40.628494,-5.473694,5.9,5047,A3
2025-10-15T21:38:01.300000,44d1b4,JAF3KJ,38000,469.9,39.0,38.897979,-8.551697,0.2,6220,A3
2025-10-15T21:38:01.300000,400e14,,38000,459.1,7.6,39.035122,-7.456482,0.0,2274,A3
2025-10-15T21:38:01.300000,396669,TAY3PO,12775,341.1,1.2,41.198959,-8.823059,12.4,5227,A3
2025-10-15T21:38:01.300000,495297,TAP1096,20400,338.7,65.0,39.105423,-8.429977,0.9,4413,A3
2025-10-15T21:38:01.300000,495293,TAP827V,30550,,,39.145569,-7.381559,0.0,,A3
2025-10-15T21:38:01.300000,345613,VOE2LY,25700,429.9,44.8,39.496781,-8.266968,0.0,3363,A3
2025-10-15T21:38:01.300000,407e71,,,,,,,207.4,,A3
2025-10-15T21:38:01.300000,3420ca,IBE05CY,24625,454.5,66.3,39.367996,-7.702073,0.1,3333,A3
2025-10-15T21:38:01.300000,342090,,33000,436.9,206.8,38.702087,-7.558773,46.5,2640,A3
2025-10-15T21:38:01.300000,4952ce,TAP67U,21425,325.9,211.4,39.423554,-8.650146,0.1,3364,A3
2025-10-15T21:38:01.300000,48683e,TRA6674,34000,481.4,39.8,39.994858,-7.387634,0.2,4467,A3
2025-10-15T21:38:01.300000,4d2304,RYR99HY,41000,417.5,192.9,39.05658,-8.000017,0.0,5226,A3
2025-10-15T21:38:01.300000,440237,EJU97RH,33475,455.3,42.1,40.157684,-7.433716,9.0,5214,A3
2025-10-15T21:38:01.300000,40666c,,,,,,,226.1,,A3
2025-10-15T21:38:01.300000,452124,,16700,,,,,28.6,,A3
2025-10-15T21:38:01.300000,4952c8,,,,,,,265.3,,A3
2025-10-15T21:38:01.300000,4071d7,,,,,,,128.6,,A3
2025-10-15T21:38:01.300000,3c64b0,,,,,,,92.0,,A3
2025-10-15T21:38:01.300000,4cae94,,,,,,,240.2,,A3
2025-10-15T21:38:01.300000,4401d1,,,,,,,237.9,,A3
2025-10-15T21:39:01.100000,4cade0,RYR8VR,10975,332.4,5.4,39.18187,-8.930213,5.4,2275,A3
2025-10-15T21:39:01.100000,4403bb,,36975,391.6,238.3,,,0.5,5747,
2025-10-15T21:39:01.100000,4cae9e,RYR6YF,34000,437.0,356.1,38.805771,-7.926576,2.4,3337,A3
2025-10-15T21:39:01.100000,495298,TAP4TL,28725,418.0,213.9,40.003409,-8.287125,0.2,2302,A3
2025-10-15T21:39:01.100000,44083f,,,,,,,91.9,,A3
2025-10-15T21:39:01.100000,34568d,,34000,,,40.628494,-5.473694,65.7,,A3
2025-10-15T21:39:01.100000,44d1b4,JAF3KJ,38000,470.6,39.1,39.003048,-8.442322,0.0,6220,A3
2025-10-15T21:39:01.100000,400e14,EZY65RF,38000,458.8,7.4,39.16356,-7.434509,0.3,2274,A3
2025-10-15T21:39:01.100000,396669,,14650,357.1,12.9,,,32.3,,A3
2025-10-15T21:39:01.100000,495297,TAP1096,21450,387.9,65.2,39.148224,-8.311456,0.1,4413,A3
2025-10-15T21:39:01.100000,495293,TAP827V,27825,418.2,244.0,39.095221,-7.515259,0.1,4024,A3
2025-10-15T21:39:01.100000,345613,VOE2LY,27250,438.4,44.8,39.573395,-8.168454,0.6,3363,A3
2025-10-15T21:39:01.100000,407e71,,,,,,,267.2,,A3
2025-10-15T21:39:01.100000,3420ca,IBE05CY,26000,460.8,66.3,39.422297,-7.542419,0.0,3333,A3
2025-10-15T21:39:01.100000,342090,,,,,,,42.9,,A3
2025-10-15T21:39:01.100000,4952ce,TAP67U,20575,333.7,211.0,39.357077,-8.702026,6.8,3364,A3
2025-10-15T21:39:01.100000,48683e,TRA6674,34000,477.3,33.3,40.104813,-7.287231,0.0,4467,A3
2025-10-15T21:39:01.100000,4d2304,RYR99HY,40825,417.5,192.9,39.022797,-8.009869,38.3,5226,A3
2025-10-15T21:39:01.100000,440237,EJU97RH,34725,,,40.25148,-7.323303,11.7,,A3
2025-10-15T21:39:01.100000,40666c,,,,,,,285.9,,A3
2025-10-15T21:39:01.100000,452124,,,,,,,88.4,,A3
2025-10-15T21:39:01.100000,4071d7,,,,,,,188.5,,A3
2025-10-15T21:39:01.100000,3c64b0,,,,,,,151.8,,A3
2025-10-15T21:39:01.100000,4cae94,,,,,,,300.0,,A3
2025-10-15T21:39:01.100000,4401d1,,,,,,,297.7,,A3
2025-10-15T21:40:00.800000,4cadf0,,37000,,,,,23.3,2630,
2025-10-15T21:40:00.800000,4ca88c,,36000,455.2,13.9,,,17.3,,
2025-10-15T21:40:00.800000,4cade0,RYR8VR,14500,346.6,5.5,39.325562,-8.912838,17.4,2275,A3
2025-10-15T21:40:00.800000,4403bb,EJU83PD,36925,392.1,238.1,40.360657,-7.847412,0.8,5747,A3
2025-10-15T21:40:00.800000,4cae9e,,34000,437.0,356.1,38.805771,-7.926576,49.6,3337,A3
2025-10-15T21:40:00.800000,495298,TAP4TL,27725,419.6,186.4,39.890625,-8.319636,0.0,2302,A3
2025-10-15T21:40:00.800000,44083f,,,,,,,151.6,,A3
2025-10-15T21:40:00.800000,34568d,,,,,,,125.4,,A3
2025-10-15T21:40:00.800000,44d1b4,JAF3KJ,38000,472.0,39.2,39.103414,-8.337341,0.2,6220,A3
2025-10-15T21:40:00.800000,400e14,EZY65RF,38000,458.8,7.4,39.181855,-7.431458,48.9,2274,A3
2025-10-15T21:40:00.800000,396669,,,,,,,92.1,,A3
2025-10-15T21:40:00.800000,495297,TAP1096,23225,401.8,65.3,39.193863,-8.184396,0.0,4413,A3
2025-10-15T21:40:00.800000,495293,TAP827V,26725,414.2,244.2,39.075256,-7.568207,32.2,4024,A3
2025-10-15T21:40:00.800000,345613,VOE2LY,29000,444.8,44.9,39.66481,-8.050829,0.2,3363,A3
2025-10-15T21:40:00.800000,3420ca,IBE05CY,26650,459.9,66.3,39.444809,-7.476137,29.8,3333,A3
2025-10-15T21:40:00.800000,342090,,33000,439.6,206.6,38.430036,-7.733337,25.9,2640,A3
2025-10-15T21:40:00.800000,4952ce,TAP67U,19525,318.6,222.2,39.284409,-8.769714,4.4,3364,A3
2025-10-15T21:40:00.800000,48683e,TRA6674,34000,475.7,33.4,40.216461,-7.190918,0.0,4467,A3
2025-10-15T21:40:00.800000,4d2304,RYR99HY,39125,422.8,193.0,38.827148,-8.066532,0.0,5226,A3
2025-10-15T21:40:00.800000,440237,EJU97RH,35800,458.8,54.0,40.358551,-7.176514,0.3,5214,A3
2025-10-15T21:40:00.800000,452124,LZB563,14350,,,,,13.5,4002,A3
2025-10-15T21:40:00.800000,4071d7,,,,,,,248.2,,A3
2025-10-15T21:40:00.800000,3c64b0,,,,,,,211.5,,A3
2025-10-15T21:41:01.400000,440096,EJU78TZ,32350,427.3,234.5,40.118439,-8.088185,0.1,2337,A3
2025-10-15T21:41:01.400000,4cadf0,RYR40RB,,,,,,51.7,,A3
2025-10-15T21:41:01.400000,4ca88c,,,,,,,77.9,,
2025-10-15T21:41:01.400000,4cade0,RYR8VR,17125,372.6,5.2,39.454558,-8.897339,0.5,2275,A3
2025-10-15T21:41:01.400000,4403bb,EJU83PD,36000,396.5,238.2,40.302274,-7.970207,0.2,5747,A3
2025-10-15T21:41:01.400000,4cae9e,RYR6YF,34000,435.0,356.0,39.038334,-7.94696,1.2,3337,A3
2025-10-15T21:41:01.400000,495298,TAP4TL,26400,381.5,186.6,39.778656,-8.336294,0.0,2302,A3
2025-10-15T21:41:01.400000,44083f,,,,,,,212.2,,A3
2025-10-15T21:41:01.400000,34568d,,,,,,,186.0,,A3
2025-10-15T21:41:01.400000,44d1b4,JAF3KJ,38000,473.2,39.3,39.206388,-8.22937,0.0,6220,A3
2025-10-15T21:41:01.400000,400e14,EZY65RF,38000,457.9,7.5,,,0.2,2274,A3
2025-10-15T21:41:01.400000,396669,,,,,,,152.6,,A3
2025-10-15T21:41:01.400000,495297,TAP1096,25050,405.0,65.3,39.23584,-8.067189,3.2,4413,A3
2025-10-15T21:41:01.400000,495293,,23650,379.7,243.9,39.000916,-7.765005,0.0,4024,A3
2025-10-15T21:41:01.400000,345613,VOE2LY,29000,444.8,44.9,39.66481,-8.050829,59.9,3363,A3
2025-10-15T21:41:01.400000,3420ca,,28600,462.2,66.5,,,5.6,3333,A3
2025-10-15T21:41:01.400000,342090,,,,,,,86.5,,A3
2025-10-15T21:41:01.400000,4952ce,TAP67U,18525,306.8,221.4,39.218491,-8.845276,6.0,3364,A3
2025-10-15T21:41:01.400000,48683e,TRA6674,34000,474.8,33.5,40.311493,-7.109192,1.8,4467,A3
2025-10-15T21:41:01.400000,4d2304,RYR99HY,39000,424.8,192.9,38.810211,-8.071488,46.9,5226,A3
2025-10-15T21:41:01.400000,440237,,36000,470.8,53.2,40.435832,-7.039864,0.2,5214,A3
2025-10-15T21:41:01.400000,452124,,,,,,,74.0,,A3
2025-10-15T21:41:01.400000,3c64b0,,,,,,,272.1,,A3
2025-10-15T21:42:01.700000,4d2221,RYR130V,7550,275.2,262.7,41.49201,-8.349673,14.1,0462,A3
2025-10-15T21:42:01.700000,440096,EJU78TZ,30200,432.3,234.5,40.04889,-8.215214,0.2,2337,A3
2025-10-15T21:42:01.700000,4cadf0,,37000,412.0,242.1,,,1.0,,A3
2025-10-15T21:42:01.700000,4ca88c,,36000,453.3,13.9,38.608612,-7.417443,0.0,,
2025-10-15T21:42:01.700000,4cade0,RYR8VR,19200,381.7,5.4,39.560883,-8.884399,0.3,2275,A3
2025-10-15T21:42:01.700000,4403bb,EJU83PD,35000,399.3,238.1,40.245341,-8.089933,0.2,5747,A3
2025-10-15T21:42:01.700000,4cae9e,RYR6YF,34000,434.0,356.0,39.171148,-7.958679,0.4,3337,A3
2025-10-15T21:42:01.700000,495298,TAP4TL,25200,352.4,217.4,39.68136,-8.365601,0.0,2302,A3
2025-10-15T21:42:01.700000,44083f,,,,,,,272.5,,A3
2025-10-15T21:42:01.700000,34568d,,,,,,,246.3,,A3
2025-10-15T21:42:01.700000,44d1b4,JAF3KJ,38000,474.8,39.2,39.308663,-8.121582,0.1,6220,A3
2025-10-15T21:42:01.700000,400e14,EZY65RF,38000,457.9,7.5,,,0.4,2274,A3
2025-10-15T21:42:01.700000,396669,,,,,,,213.0,,A3
2025-10-15T21:42:01.700000,495297,TAP1096,26825,414.4,65.5,39.288925,-7.918213,0.3,4413,A3
2025-10-15T21:42:01.700000,495293,TAP827V,22225,367.6,243.9,38.95454,-7.88623,0.0,4024,A3
2025-10-15T21:42:01.700000,345613,,,,,,,120.2,,A3
2025-10-15T21:42:01.700000,3420ca,,29000,463.1,66.6,,,32.7,3333,A3
2025-10-15T21:42:01.700000,342090,,,,,,,146.8,,A3
2025-10-15T21:42:01.700000,4952ce,,,,,,,66.3,,A3
2025-10-15T21:42:01.700000,48683e,,34000,474.0,33.6,,,11.2,4467,A3
2025-10-15T21:42:01.700000,4d2304,,35125,426.5,192.7,,,0.2,,A3
2025-10-15T21:42:01.700000,440237,EJU97RH,36000,470.2,53.3,40.447145,-7.020014,19.1,5214,A3
2025-10-15T21:42:01.700000,452124,,,,,,,134.4,,A3
2025-10-15T21:43:00.900000,40653d,,38000,,,,,25.4,,
2025-10-15T21:43:00.900000,4951ce,,32975,434.8,245.0,,,8.6,4004,
2025-10-15T21:43:00.900000,4071d7,EZY12RW,38000,437.0,349.7,41.291702,-8.461121,12.1,4405,A3
2025-10-15T21:43:00.900000,4ca4ec,RYR62XR,11600,353.0,65.0,38.990665,-8.752319,1.3,1172,A3
2025-10-15T21:43:00.900000,4d2221,,,,,,,15.7,,A3
2025-10-15T21:43:00.900000,440096,EJU78TZ,28525,422.6,195.1,39.960709,-8.306213,0.1,2337,A3
2025-10-15T21:43:00.900000,4cadf0,RYR8VR,21200,412.0,242.1,39.296792,-7.035828,3.3,2630,A3
2025-10-15T21:43:00.900000,4ca88c,RUK677D,36000,453.3,13.9,38.64534,-7.405823,13.9,2221,A3
2025-10-15T21:43:00.900000,4cade0,RYR8VR,21275,382.7,5.4,39.66481,-8.871997,0.1,2275,A3
2025-10-15T21:43:00.900000,4403bb,EJU83PD,33975,394.0,238.0,40.186266,-8.213404,0.1,5747,A3
2025-10-15T21:43:00.900000,4cae9e,RYR6YF,34000,434.0,356.0,39.290634,-7.969447,0.0,3337,A3
2025-10-15T21:43:00.900000,495298,TAP4TL,24075,344.8,232.9,39.621494,-8.460449,0.7,2302,A3
2025-10-15T21:43:00.900000,44d1b4,JAF3KJ,38000,474.0,39.3,39.401596,-8.023781,0.3,6220,A3
2025-10-15T21:43:00.900000,400e14,,38025,457.0,7.5,39.57969,-7.363708,24.9,2274,A3
2025-10-15T21:43:00.900000,396669,,,,,,,272.1,,A3
2025-10-15T21:43:00.900000,495297,TAP1096,28150,417.5,65.5,39.329937,-7.802673,0.4,4413,A3
2025-10-15T21:43:00.900000,495293,,28000,367.6,243.9,38.950424,-7.896961,15.6,4024,A3
2025-10-15T21:43:00.900000,345613,,,456.8,45.2,,,0.4,,A3
2025-10-15T21:43:00.900000,3420ca,,,,,,,91.8,,A3
2025-10-15T21:43:00.900000,342090,,,,,,,206.0,,A3
2025-10-15T21:43:00.900000,4952ce,,,,,,,125.5,,A3
2025-10-15T21:43:00.900000,48683e,,34575,,,,,16.9,,A3
2025-10-15T21:43:00.900000,4d2304,RYR99HY,33925,438.6,193.2,38.51326,-8.15717,5.3,5226,A3
2025-10-15T21:43:00.900000,440237,,36000,461.0,53.4,40.538315,-6.859741,2.6,6650,A3
2025-10-15T21:43:00.900000,452124,,,,,,,193.5,,A3
2025-10-15T21:44:01.200000,39ceb9,,37000,413.8,216.6,,,0.8,,
2025-10-15T21:44:01.200000,4ca8d6,RYR25ZJ,8700,295.6,46.1,38.979446,-8.925974,8.1,2245,A3
2025-10-15T21:44:01.200000,40653d,,,,,,,85.6,,
2025-10-15T21:44:01.200000,4951ce,,,,,,,68.9,,
2025-10-15T21:44:01.200000,4071d7,,,,,,,72.4,,A3
2025-10-15T21:44:01.200000,4ca4ec,RYR62XR,14375,369.5,65.0,39.035913,-8.628174,0.1,1172,A3
2025-10-15T21:44:01.200000,4d2221,RYR130V,5025,249.2,262.4,41.471247,-8.560202,4.1,0462,A3
2025-10-15T21:44:01.200000,440096,EJU78TZ,27500,418.1,187.0,39.842834,-8.325129,0.0,2337,A3
2025-10-15T21:44:01.200000,4cadf0,RYR40RB,37000,412.7,237.0,,,21.9,2630,A3
2025-10-15T21:44:01.200000,4ca88c,,,,,,,45.7,,A3
2025-10-15T21:44:01.200000,4cade0,RYR8VR,22550,404.8,5.4,39.771973,-8.858981,0.3,2275,A3
2025-10-15T21:44:01.200000,4403bb,EJU83PD,32575,385.9,237.9,40.127889,-8.335065,0.1,5747,A3
2025-10-15T21:44:01.200000,4cae9e,RYR6YF,34000,433.0,356.0,39.41159,-7.980286,0.2,3337,A3
2025-10-15T21:44:01.200000,495298,TAP4TL,22950,336.4,221.7,39.55806,-8.553513,0.0,2302,A3
2025-10-15T21:44:01.200000,44d1b4,JAF3KJ,38000,473.9,39.4,39.508484,-7.910694,0.3,6220,A3
2025-10-15T21:44:01.200000,400e14,,,,,,,85.1,,A3
2025-10-15T21:44:01.200000,495297,TAP1096,29450,429.6,65.5,39.384613,-7.647798,0.1,4413,A3
2025-10-15T21:44:01.200000,495293,TAP827V,19575,314.9,230.8,38.853424,-8.095789,0.1,4024,A3
2025-10-15T21:44:01.200000,345613,VOE2LY,34050,460.3,45.3,40.027176,-7.579285,0.4,3363,A3
2025-10-15T21:44:01.200000,3420ca,,,,,,,152.1,,A3
2025-10-15T21:44:01.200000,342090,,,,,,,266.2,,A3
2025-10-15T21:44:01.200000,4952ce,,,,,,,185.7,,A3
2025-10-15T21:44:01.200000,48683e,,,,,,,77.2,,A3
2025-10-15T21:44:01.200000,4d2304,,,438.6,193.2,,,65.5,5226,A3
2025-10-15T21:44:01.200000,440237,,35950,454.0,53.5,,,25.4,,A3
2025-10-15T21:44:01.200000,452124,,,,,,,253.8,,A3
2025-10-15T21:45:01.300000,406015,,36000,458.1,25.3,,,4.3,6205,
2025-10-15T21:45:01.300000,4951cb,,36300,,,,,1.6,,
2025-10-15T21:45:01.300000,39ceb9,,37000,413.8,216.6,,,13.0,,
2025-10-15T21:45:01.300000,4ca8d6,RYR25ZJ,10800,328.1,46.0,38.998672,-8.900513,0.6,2245,A3
2025-10-15T21:45:01.300000,40653d,,,,,,,145.8,,
2025-10-15T21:45:01.300000,4951ce,,,,,,,129.0,,
2025-10-15T21:45:01.300000,4071d7,,,,,,,132.6,,A3
2025-10-15T21:45:01.300000,4ca4ec,RYR62XR,17075,382.1,65.2,39.080109,-8.505508,0.1,1172,A3
2025-10-15T21:45:01.300000,4d2221,RYR130V,4875,249.2,262.4,41.468811,-8.585004,48.1,6370,A3
2025-10-15T21:45:01.300000,440096,EJU78TZ,26550,415.7,188.6,39.727819,-8.343689,0.1,2337,A3
2025-10-15T21:45:01.300000,4cadf0,RYR40RB,37000,416.1,227.1,39.11142,-7.373199,0.0,2630,A3
2025-10-15T21:45:01.300000,4ca88c,RUK677D,36000,451.4,14.0,38.973679,-7.301908,0.1,2221,A3
2025-10-15T21:45:01.300000,4cade0,RYR8VR,24250,412.8,5.4,39.887695,-8.84483,0.2,2275,A3
2025-10-15T21:45:01.300000,4403bb,EJU83PD,31325,389.3,195.0,40.050339,-8.423828,0.1,5747,A3
2025-10-15T21:45:01.300000,4cae9e,RYR6YF,34000,433.0,356.0,39.5327,-7.991121,0.2,3337,A3
2025-10-15T21:45:01.300000,495298,TAP4TL,22000,325.5,219.3,39.496674,-8.618954,4.7,2302,A3
2025-10-15T21:45:01.300000,44d1b4,JAF3KJ,38000,473.7,39.6,39.612789,-7.799255,0.1,6220,A3
2025-10-15T21:45:01.300000,400e14,,,,,,,145.3,,A3
2025-10-15T21:45:01.300000,495297,TAP1096,30575,433.8,63.4,39.432818,-7.522949,3.1,4413,A3
2025-10-15T21:45:01.300000,495293,TAP827V,19350,310.2,230.1,38.844131,-8.110179,35.8,4024,A3
2025-10-15T21:45:01.300000,345613,VOE2LY,35000,460.3,45.3,40.106003,-7.47583,2.4,3363,A3
2025-10-15T21:45:01.300000,3420ca,,,,,,,212.3,,A3
2025-10-15T21:45:01.300000,4952ce,,,,,,,245.9,,A3
2025-10-15T21:45:01.300000,48683e,,,,,,,137.4,,A3
2025-10-15T21:45:01.300000,4d2304,,,,,,,125.7,,A3
2025-10-15T21:45:01.300000,440237,,35975,,,,,45.6,,A3
2025-10-15T21:46:00.200000,406015,EZY53GR,36750,456.7,25.3,41.879517,-8.88975,0.6,6205,A3
2025-10-15T21:46:00.200000,4951cb,TAP5AS,35250,432.6,209.6,40.364654,-8.290121,0.3,0137,
2025-10-15T21:46:00.200000,39ceb9,,36200,408.8,216.6,40.432713,-7.886373,2.1,7675,
2025-10-15T21:46:00.200000,4ca8d6,RYR25ZJ,12925,362.8,46.2,39.111561,-8.75061,1.3,2245,A3
2025-10-15T21:46:00.200000,40653d,,,,,,,204.7,,
2025-10-15T21:46:00.200000,4951ce,TAP837,33025,438.8,244.8,,,1.4,4004,A3
2025-10-15T21:46:00.200000,4071d7,,38000,437.2,349.6,,,12.3,,A3
2025-10-15T21:46:00.200000,4ca4ec,RYR62XR,18450,389.3,65.4,39.104919,-8.436485,15.4,1172,A3
2025-10-15T21:46:00.200000,4d2221,,,,,,,107.0,,A3
2025-10-15T21:46:00.200000,440096,EJU78TZ,25625,398.8,233.4,39.641512,-8.42627,0.1,2337,A3
2025-10-15T21:46:00.200000,4cadf0,RYR40RB,37000,416.8,227.0,39.034377,-7.479614,0.2,2630,A3
2025-10-15T21:46:00.200000,4ca88c,RUK677D,36000,449.2,13.9,39.092194,-7.263993,0.3,2221,A3
2025-10-15T21:46:00.200000,4cade0,RYR8VR,26050,412.8,5.4,39.999731,-8.831135,0.2,2275,A3
2025-10-15T21:46:00.200000,4403bb,EJU83PD,30350,385.6,193.5,40.015961,-8.434021,0.7,5747,A3
2025-10-15T21:46:00.200000,4cae9e,RYR6YF,34000,433.1,355.9,39.649239,-8.001587,0.0,3337,A3
2025-10-15T21:46:00.200000,495298,TAP4TL,20775,330.5,219.2,39.418573,-8.701172,0.2,2302,A3
2025-10-15T21:46:00.200000,44d1b4,JAF3KJ,38000,474.4,39.7,39.673782,-7.733957,2.9,6220,A3
2025-10-15T21:46:00.200000,400e14,,37975,,,40.029897,-7.28612,0.4,2274,A3
2025-10-15T21:46:00.200000,495297,,30875,436.9,63.5,39.432818,-7.522949,39.6,4413,A3
2025-10-15T21:46:00.200000,495293,,17250,,,,,0.6,,A3
2025-10-15T21:46:00.200000,345613,VOE2LY,35975,457.5,45.3,40.203071,-7.347918,1.1,3363,A3
2025-10-15T21:46:00.200000,3420ca,,,,,,,271.2,,A3
2025-10-15T21:46:00.200000,48683e,,,,,,,196.3,,A3
2025-10-15T21:46:00.200000,4d2304,,,,,,,184.6,,A3
2025-10-15T21:46:00.200000,440237,,,,,,,104.5,,A3
2025-10-15T21:47:00.100000,406015,EZY53GR,36750,,,41.879517,-8.88975,45.9,,A3
2025-10-15T21:47:00.100000,4951cb,TAP5AS,34275,433.5,209.6,40.260406,-8.36731,0.2,0137,A3
2025-10-15T21:47:00.100000,39ceb9,TVF16BA,35200,421.0,216.6,40.309067,-8.006409,0.1,7675,A3
2025-10-15T21:47:00.100000,4ca8d6,RYR25ZJ,15625,376.9,46.0,39.183996,-8.653625,0.6,2245,A3
2025-10-15T21:47:00.100000,40653d,,,,,,,264.6,,
2025-10-15T21:47:00.100000,4951ce,,33000,438.4,244.9,39.219498,-7.175446,12.9,4004,A3
2025-10-15T21:47:00.100000,4071d7,,,,,,,72.2,,A3
2025-10-15T21:47:00.100000,4ca4ec,RYR62XR,21075,406.3,65.3,39.162163,-8.276733,10.3,1172,A3
2025-10-15T21:47:00.100000,4d2221,,,,,,,166.9,,A3
2025-10-15T21:47:00.100000,440096,EJU78TZ,24675,393.0,216.7,39.57312,-8.532675,0.1,2337,A3
2025-10-15T21:47:00.100000,4cadf0,,37000,416.8,227.0,39.033005,-7.481451,55.6,,A3
2025-10-15T21:47:00.100000,4ca88c,RUK677D,36000,448.2,13.9,39.129065,-7.252197,7.5,2221,A3
2025-10-15T21:47:00.100000,4cade0,RYR8VR,27375,421.8,5.3,40.111782,-8.817402,0.1,2275,A3
2025-10-15T21:47:00.100000,4403bb,EJU83PD,29375,385.4,193.4,39.843887,-8.486938,0.0,5747,A3
2025-10-15T21:47:00.100000,4cae9e,RYR6YF,34000,434.0,356.0,39.768814,-8.012377,0.0,3337,A3
2025-10-15T21:47:00.100000,495298,TAP4TL,19675,326.3,219.2,39.347907,-8.775269,0.1,2302,A3
2025-10-15T21:47:00.100000,44d1b4,,,,,,,62.8,,A3
2025-10-15T21:47:00.100000,400e14,EZY65RF,38025,457.2,7.8,40.16946,-7.261401,0.2,2274,A3
2025-10-15T21:47:00.100000,495297,TAP827V,32000,436.9,63.8,39.532998,-7.261963,1.1,4413,A3
2025-10-15T21:47:00.100000,495293,TAP827V,16550,308.2,230.3,38.726062,-8.291504,24.3,4024,A3
2025-10-15T21:47:00.100000,345613,VOE2LY,36000,456.1,45.4,40.292079,-7.230065,0.1,3363,A3
2025-10-15T21:47:00.100000,48683e,,,,,,,256.2,,A3
2025-10-15T21:47:00.100000,4d2304,,,,,,,244.5,,A3
2025-10-15T21:47:00.100000,440237,,,,,,,164.4,,A3
2025-10-15T21:48:00.100000,440198,,33025,398.5,209.5,40.450496,-8.226825,29.7,7573,
2025-10-15T21:48:00.100000,406015,,,,,,,105.9,,A3
2025-10-15T21:48:00.100000,4951cb,TAP5AS,32650,434.4,209.5,40.18203,-8.42514,15.9,0137,A3
2025-10-15T21:48:00.100000,39ceb9,TVF16BA,34225,423.2,216.5,40.215866,-8.096375,0.3,7675,A3
2025-10-15T21:48:00.100000,4ca8d6,RYR25ZJ,18775,369.9,46.2,39.25589,-8.557275,0.4,2245,A3
2025-10-15T21:48:00.100000,4951ce,,30100,,,,,1.9,,A3
2025-10-15T21:48:00.100000,4071d7,,,,,,,132.2,,A3
2025-10-15T21:48:00.100000,4ca4ec,RYR62XR,23200,423.3,65.4,39.217392,-8.121822,0.2,1172,A3
2025-10-15T21:48:00.100000,4d2221,,,,,,,226.9,,A3
2025-10-15T21:48:00.100000,440096,EJU78TZ,23750,384.7,211.5,39.483673,-8.602713,0.3,2337,A3
2025-10-15T21:48:00.100000,4cadf0,,37000,417.4,226.9,,,33.6,,A3
2025-10-15T21:48:00.100000,4ca88c,,36000,453.1,27.2,39.324417,-7.15407,0.8,2221,A3
2025-10-15T21:48:00.100000,4cade0,RYR8VR,28400,434.9,5.4,40.220627,-8.803955,0.2,2275,A3
2025-10-15T21:48:00.100000,4403bb,EJU83PD,28350,375.8,210.7,39.742447,-8.525271,0.0,5747,A3
2025-10-15T21:48:00.100000,4cae9e,RYR6YF,34000,436.0,356.1,39.891218,-8.023499,0.0,3337,A3
2025-10-15T21:48:00.100000,495298,TAP4TL,18625,307.8,219.1,39.279475,-8.846863,0.0,2302,A3
2025-10-15T21:48:00.100000,44d1b4,,,,,,,122.8,,A3
2025-10-15T21:48:00.100000,400e14,EZY65RF,38050,456.1,7.7,40.288284,-7.240356,1.9,2274,A3
2025-10-15T21:48:00.100000,495297,,,,,,,61.1,,A3
2025-10-15T21:48:00.100000,495293,,15325,304.0,230.3,,,0.1,,A3
2025-10-15T21:48:00.100000,345613,VOE2LY,36000,459.6,45.4,40.384827,-7.106934,0.4,3363,A3
2025-10-15T21:48:00.100000,440237,,,,,,,224.4,,A3
2025-10-15T21:49:00.900000,040132,,38000,,,,,6.6,,
2025-10-15T21:49:00.900000,440198,EJU41RK,31550,388.7,209.6,40.308197,-8.332153,0.3,7573,A3
2025-10-15T21:49:00.900000,406015,,,,,,,166.7,,A3
2025-10-15T21:49:00.900000,4951cb,TAP5AS,29400,424.4,198.7,40.047913,-8.515015,0.1,0137,A3
2025-10-15T21:49:00.900000,39ceb9,TVF16BA,32675,422.6,216.4,40.181854,-8.12915,22.8,7675,A3
2025-10-15T21:49:00.900000,4ca8d6,RYR25ZJ,20775,385.5,46.2,39.325195,-8.46419,4.5,2245,A3
2025-10-15T21:49:00.900000,4951ce,TAP837,26850,435.2,244.3,39.101212,-7.496497,0.8,4004,A3
2025-10-15T21:49:00.900000,4071d7,,,,,,,193.0,,A3
2025-10-15T21:49:00.900000,4ca4ec,,25225,425.1,65.2,39.247467,-8.037514,0.8,1172,A3
2025-10-15T21:49:00.900000,4d2221,,,,,,,287.7,,A3
2025-10-15T21:49:00.900000,440096,EJU78TZ,22700,377.8,211.2,39.387336,-8.678162,0.1,2337,A3
2025-10-15T21:49:00.900000,4cadf0,,37000,417.4,226.9,,,41.0,2630,A3
2025-10-15T21:49:00.900000,4ca88c,,36000,,,39.337339,-7.145508,37.9,,A3
2025-10-15T21:49:00.900000,4cade0,,29425,442.9,5.3,40.332812,-8.790186,0.1,2275,A3
2025-10-15T21:49:00.900000,4403bb,EJU83PD,27375,367.9,211.1,39.652954,-8.596026,0.1,5747,A3
2025-10-15T21:49:00.900000,4cae9e,RYR6YF,33125,408.0,355.9,40.007738,-8.033752,0.0,3337,A3
2025-10-15T21:49:00.900000,495298,TAP4TL,17950,305.0,219.0,39.235995,-8.892334,14.9,2302,A3
2025-10-15T21:49:00.900000,44d1b4,JAF3KJ,38000,470.8,39.7,,,7.2,6220,A3
2025-10-15T21:49:00.900000,400e14,,38000,454.1,7.7,40.41791,-7.217768,0.3,2274,A3
2025-10-15T21:49:00.900000,495297,,,,,,,121.8,,A3
2025-10-15T21:49:00.900000,495293,TAP827V,14300,301.1,230.4,38.606842,-8.474365,5.1,4024,A3
2025-10-15T21:49:00.900000,345613,VOE2LY,36025,461.1,45.5,40.468186,-6.995732,0.2,3363,A3
2025-10-15T21:49:00.900000,440237,,,,,,,285.1,,A3
2025-10-15T21:50:01.300000,040132,,38000,,,,,66.9,,
2025-10-15T21:50:01.300000,440198,EJU41RK,30500,382.8,209.2,40.21308,-8.402294,0.2,7573,A3
2025-10-15T21:50:01.300000,406015,,,,,,,227.1,,A3
2025-10-15T21:50:01.300000,4951cb,TAP5AS,27850,421.7,176.7,39.938282,-8.52795,0.6,0137,A3
2025-10-15T21:50:01.300000,39ceb9,TVF16BA,29400,414.4,212.9,40.024916,-8.278698,0.0,7675,A3
2025-10-15T21:50:01.300000,4ca8d6,RYR25ZJ,22075,426.5,46.2,39.407587,-8.35321,0.1,2245,A3
2025-10-15T21:50:01.300000,4951ce,TAP837,25300,430.8,244.6,39.075343,-7.565796,32.2,4004,A3
2025-10-15T21:50:01.300000,4071d7,,,,,,,253.4,,A3
2025-10-15T21:50:01.300000,4ca4ec,RYR62XR,27025,432.3,65.7,39.318558,-7.836894,0.2,1172,A3
2025-10-15T21:50:01.300000,440096,EJU78TZ,21750,366.5,220.9,39.300144,-8.751038,0.2,2337,A3
2025-10-15T21:50:01.300000,4cadf0,,37000,415.3,226.9,,,1.4,2630,A3
2025-10-15T21:50:01.300000,4ca88c,RUK677D,36000,452.6,27.4,39.516266,-7.026473,6.8,2221,A3
2025-10-15T21:50:01.300000,4cade0,RYR8VR,30725,448.1,5.5,40.472283,-8.77277,0.5,2275,A3
2025-10-15T21:50:01.300000,4403bb,EJU83PD,26400,366.2,211.3,39.565306,-8.664734,0.0,5747,A3
2025-10-15T21:50:01.300000,4cae9e,RYR6YF,31525,396.1,355.8,40.120394,-8.044489,0.6,3337,A3
2025-10-15T21:50:01.300000,495298,,8875,,,,,4.6,,A3
2025-10-15T21:50:01.300000,44d1b4,,38000,470.0,39.8,,,13.2,6220,A3
2025-10-15T21:50:01.300000,400e14,,37975,454.1,7.7,40.490438,-7.205159,25.9,2274,A3
2025-10-15T21:50:01.300000,495297,,,,,,,182.2,,A3
2025-10-15T21:50:01.300000,495293,,,296.0,230.1,,,59.0,,A3
2025-10-15T21:50:01.300000,345613,VOE2LY,36050,458.2,45.7,40.563991,-6.867454,0.2,3363,A3
2025-10-15T21:51:00.700000,3c6664,DLH92N,33000,,,,,0.2,,A3
2025-10-15T21:51:00.700000,040132,,,,,,,126.3,,
2025-10-15T21:51:00.700000,440198,EJU41RK,29575,376.6,209.4,40.168436,-8.435003,1.5,6334,A3
2025-10-15T21:51:00.700000,406015,,,,,,,286.5,,A3
2025-10-15T21:51:00.700000,4951cb,TAP5AS,26500,383.8,176.4,39.822879,-8.518494,0.0,0137,A3
2025-10-15T21:51:00.700000,39ceb9,TVF16BA,28775,416.4,187.3,39.915378,-8.315002,0.1,7675,A3
2025-10-15T21:51:00.700000,4ca8d6,RYR25ZJ,23875,437.1,46.5,39.48967,-8.242075,0.2,2245,A3
2025-10-15T21:51:00.700000,4951ce,TAP837,23175,385.5,243.8,39.010712,-7.738256,4.5,4004,A3
2025-10-15T21:51:00.700000,4ca4ec,RYR62XR,28550,426.6,65.8,39.339981,-7.775872,1.3,1172,A3
2025-10-15T21:51:00.700000,440096,EJU78TZ,20450,367.0,221.5,39.224962,-8.837646,0.0,2337,A3
2025-10-15T21:51:00.700000,4cadf0,,37000,414.6,226.8,,,31.8,2630,A3
2025-10-15T21:51:00.700000,4ca88c,,,,,,,66.2,,A3
2025-10-15T21:51:00.700000,4cade0,RYR8VR,31375,452.1,5.5,40.550025,-8.763095,22.9,2275,A3
2025-10-15T21:51:00.700000,4403bb,EJU83PD,25425,360.3,211.3,39.480115,-8.731506,0.0,5747,A3
2025-10-15T21:51:00.700000,4cae9e,RYR6YF,29950,393.0,355.9,40.150909,-8.047302,2.2,3337,A3
2025-10-15T21:51:00.700000,495298,,8875,,,,,64.0,,A3
2025-10-15T21:51:00.700000,44d1b4,,38000,469.1,40.1,40.170273,-7.197876,27.7,6220,A3
2025-10-15T21:51:00.700000,400e14,,,,,,,85.3,,A3
2025-10-15T21:51:00.700000,495297,,,,,,,241.6,,A3
2025-10-15T21:51:00.700000,495293,,11950,273.6,228.9,38.495773,-8.640747,12.0,4024,A3
2025-10-15T21:51:00.700000,345613,,36050,456.8,45.7,40.590293,-6.832123,23.4,3363,A3
2025-10-15T21:52:01.100000,3c6664,DLH92N,32625,412.2,232.5,40.11058,-8.060608,0.1,3716,A3
2025-10-15T21:52:01.100000,040132,,,,,,,186.7,,
2025-10-15T21:52:01.100000,440198,EJU41RK,28475,375.8,195.6,40.030746,-8.531494,0.1,7573,A3
2025-10-15T21:52:01.100000,4951cb,TAP5AS,25300,357.8,210.6,39.724457,-8.540616,0.4,0137,A3
2025-10-15T21:52:01.100000,39ceb9,TVF16BA,28175,420.0,186.8,39.79866,-8.333488,0.0,7675,A3
2025-10-15T21:52:01.100000,4ca8d6,RYR25ZJ,25700,441.4,46.5,39.574616,-8.126526,0.6,2245,A3
2025-10-15T21:52:01.100000,4951ce,TAP837,22000,352.9,243.9,38.956076,-7.881165,0.6,4004,A3
2025-10-15T21:52:01.100000,4ca4ec,RYR62XR,30425,426.2,63.7,39.416519,-7.565281,2.6,1172,A3
2025-10-15T21:52:01.100000,440096,EJU78TZ,19825,352.1,221.4,39.187674,-8.880005,30.1,2337,A3
2025-10-15T21:52:01.100000,4cadf0,,37000,414.0,226.8,,,1.7,2630,A3
2025-10-15T21:52:01.100000,4ca88c,,,,,,,126.6,,A3
2025-10-15T21:52:01.100000,4cade0,,37000,,,,,6.2,,A3
2025-10-15T21:52:01.100000,4403bb,EJU83PD,24450,350.8,221.2,39.39624,-8.799511,0.1,5747,A3
2025-10-15T21:52:01.100000,4cae9e,RYR6YF,28225,389.9,356.0,40.333417,-8.064027,0.1,3337,A3
2025-10-15T21:52:01.100000,495298,,,,,,,124.4,,A3
2025-10-15T21:52:01.100000,44d1b4,,,,,,,2.0,1767,A3
2025-10-15T21:52:01.100000,400e14,,,,,,,145.7,,A3
2025-10-15T21:52:01.100000,495293,,,,,,,72.4,,A3
2025-10-15T21:52:01.100000,345613,,,,,,,83.8,,A3
2025-10-15T21:53:00.900000,503d71,CFG9WC,34000,474.2,38.3,,,5.1,4472,
2025-10-15T21:53:00.900000,348206,,11025,296.7,65.5,38.972602,-8.842468,7.9,,
2025-10-15T21:53:00.900000,4071d7,,37975,436.4,348.8,42.448565,-8.75604,2.5,4405,
2025-10-15T21:53:00.900000,3c6664,DLH92N,31000,390.6,240.2,40.053452,-8.184315,0.1,3716,A3
2025-10-15T21:53:00.900000,040132,,,,,,,246.6,,
2025-10-15T21:53:00.900000,440198,EJU41RK,27525,380.0,175.9,39.953598,-8.528574,0.4,7573,A3
2025-10-15T21:53:00.900000,4951cb,TAP5AS,24100,350.9,211.2,39.639587,-8.607072,0.1,0137,A3
2025-10-15T21:53:00.900000,39ceb9,TVF16BA,27400,411.1,211.4,39.686462,-8.361432,0.1,7675,A3
2025-10-15T21:53:00.900000,4ca8d6,RYR25ZJ,27125,448.2,27.9,39.66651,-8.019104,0.0,2245,A3
2025-10-15T21:53:00.900000,4951ce,TAP837,21875,350.6,243.9,38.949921,-7.897319,48.3,4004,A3
2025-10-15T21:53:00.900000,4ca4ec,RYR62XR,30700,436.9,63.5,39.439865,-7.504856,9.7,3712,A3
2025-10-15T21:53:00.900000,440096,,,,,,,90.0,,A3
2025-10-15T21:53:00.900000,4cadf0,,37000,414.6,226.8,,,38.3,2630,A3
2025-10-15T21:53:00.900000,4ca88c,,,,,,,186.5,,A3
2025-10-15T21:53:00.900000,4cade0,,37000,,,,,66.0,,A3
2025-10-15T21:53:00.900000,4403bb,EJU83PD,23500,340.8,228.7,39.332886,-8.89194,0.2,5747,A3
2025-10-15T21:53:00.900000,4cae9e,,27600,389.9,356.0,40.372847,-8.067648,39.3,3337,A3
2025-10-15T21:53:00.900000,495298,,,,,,,184.3,,A3
2025-10-15T21:53:00.900000,44d1b4,,,,,,,61.8,,A3
2025-10-15T21:53:00.900000,400e14,,,,,,,205.6,,A3
2025-10-15T21:53:00.900000,495293,,,,,,,132.3,,A3
2025-10-15T21:53:00.900000,345613,,,,,,,143.7,,A3
2025-10-15T21:54:00.900000,503d71,CFG9WC,34000,474.2,38.3,,,10.0,4472,A3
2025-10-15T21:54:00.900000,348206,VLG4QP,12575,396.1,65.7,39.018356,-8.711681,3.7,3353,A3
2025-10-15T21:54:00.900000,4071d7,,37975,,,,,50.4,,
2025-10-15T21:54:00.900000,3c6664,DLH92N,29350,375.2,210.6,39.9879,-8.2901,0.0,3716,A3
2025-10-15T21:54:00.900000,440198,EJU41RK,26525,372.7,176.5,39.822134,-8.518494,0.0,7573,A3
2025-10-15T21:54:00.900000,4951cb,TAP5AS,22975,339.2,211.3,39.558243,-8.67078,0.1,0137,A3
2025-10-15T21:54:00.900000,39ceb9,TVF16BA,26475,368.5,232.2,39.618189,-8.46637,0.1,7675,A3
2025-10-15T21:54:00.900000,4ca8d6,RYR25ZJ,28075,447.8,18.8,39.693324,-8.004883,10.5,,A3
2025-10-15T21:54:00.900000,4951ce,TAP837,19750,316.1,230.5,38.862087,-8.081726,0.0,4004,A3
2025-10-15T21:54:00.900000,4ca4ec,,31675,472.7,63.8,39.531693,-7.265307,0.0,1172,A3
2025-10-15T21:54:00.900000,440096,,,,,,,149.9,,A3
2025-10-15T21:54:00.900000,4cadf0,,,415.2,226.7,,,9.1,,A3
2025-10-15T21:54:00.900000,4ca88c,,,,,,,246.4,,A3
2025-10-15T21:54:00.900000,4cade0,,,,,,,126.0,,A3
2025-10-15T21:54:00.900000,4403bb,,23250,339.4,228.7,39.332886,-8.89194,23.8,,A3
2025-10-15T21:54:00.900000,4cae9e,,,,,,,99.3,,A3
2025-10-15T21:54:00.900000,495298,,,,,,,244.3,,A3
2025-10-15T21:54:00.900000,44d1b4,,,,,,,121.8,,A3
2025-10-15T21:54:00.900000,400e14,,,,,,,265.5,,A3
2025-10-15T21:54:00.900000,495293,,,,,,,192.2,,A3
2025-10-15T21:54:00.900000,345613,,,,,,,203.6,,A3
2025-10-15T21:55:00.900000,503d71,CFG9WC,34000,473.4,38.4,38.542786,-8.442993,0.1,4472,A3
2025-10-15T21:55:00.900000,495299,TAP26T,24025,382.8,8.1,39.729775,-9.002502,10.3,4417,A3
2025-10-15T21:55:00.900000,348206,VLG4QP,14675,410.0,65.8,39.061798,-8.587846,2.8,3353,A3
2025-10-15T21:55:00.900000,4071d7,,,,,,,110.5,,
2025-10-15T21:55:00.900000,3c6664,DLH92N,27775,370.6,186.8,39.887959,-8.319092,0.2,3716,A3
2025-10-15T21:55:00.900000,440198,EJU41RK,25500,357.8,214.2,39.72498,-8.539368,0.3,7573,A3
2025-10-15T21:55:00.900000,4951cb,TAP5AS,21850,333.4,211.3,39.478346,-8.733398,0.1,0137,A3
2025-10-15T21:55:00.900000,39ceb9,TVF16BA,25650,358.6,211.4,39.54538,-8.554409,0.1,7675,A3
2025-10-15T21:55:00.900000,4ca8d6,RYR25ZJ,29500,464.3,20.8,39.903042,-7.9104,0.1,2245,A3
2025-10-15T21:55:00.900000,4951ce,TAP837,19125,311.6,230.1,38.832434,-8.127319,23.7,4004,A3
2025-10-15T21:55:00.900000,4ca4ec,,31700,477.2,63.8,39.532562,-7.262918,58.9,,A3
2025-10-15T21:55:00.900000,440096,,,,,,,210.0,,A3
2025-10-15T21:55:00.900000,4cadf0,,,415.2,226.7,,,23.4,,A3
2025-10-15T21:55:00.900000,4cade0,,,,,,,186.0,,A3
2025-10-15T21:55:00.900000,4403bb,,,,,,,83.8,,A3
2025-10-15T21:55:00.900000,4cae9e,,,,,,,159.3,,A3
2025-10-15T21:55:00.900000,44d1b4,,,,,,,181.8,,A3
2025-10-15T21:55:00.900000,495293,,,,,,,252.3,,A3
2025-10-15T21:55:00.900000,345613,,,,,,,263.6,,A3
2025-10-15T21:56:01.100000,06a070,QTR5R,34000,496.2,103.8,41.037094,-8.836121,0.3,3712,A5
2025-10-15T21:56:01.100000,406a93,,36000,461.4,5.8,39.338317,-8.936951,3.7,7761,
2025-10-15T21:56:01.100000,503d71,,34000,473.4,38.4,38.603769,-8.381348,11.2,4472,A3
2025-10-15T21:56:01.100000,495299,TAP26T,25725,391.9,8.1,39.844391,-8.981323,0.4,4417,A3
2025-10-15T21:56:01.100000,348206,VLG4QP,17300,415.4,65.8,39.110367,-8.448427,3.0,3353,A3
2025-10-15T21:56:01.100000,4071d7,,,,,,,170.6,,
2025-10-15T21:56:01.100000,3c6664,DLH92N,26150,368.6,186.9,39.785477,-8.334981,0.0,3716,A3
2025-10-15T21:56:01.100000,440198,EJU41RK,24525,350.6,210.5,39.640674,-8.606262,0.2,7573,A3
2025-10-15T21:56:01.100000,4951cb,TAP5AS,20725,334.7,219.3,39.399445,-8.797063,0.1,0137,A3
2025-10-15T21:56:01.100000,39ceb9,TVF16BA,24900,352.8,211.4,39.460922,-8.621282,0.0,7675,A3
2025-10-15T21:56:01.100000,4ca8d6,RYR25ZJ,30675,471.0,20.9,40.025521,-7.849856,0.1,2245,A3
2025-10-15T21:56:01.100000,4951ce,,,,,,,83.8,,A3
2025-10-15T21:56:01.100000,4ca4ec,,,,,,,119.1,,A3
2025-10-15T21:56:01.100000,440096,,,,,,,270.1,,A3
2025-10-15T21:56:01.100000,4cadf0,,,,,,,83.6,,A3
2025-10-15T21:56:01.100000,4cade0,,,,,,,246.2,,A3
2025-10-15T21:56:01.100000,4403bb,,,,,,,144.0,,A3
2025-10-15T21:56:01.100000,4cae9e,,,,,,,219.5,,A3
2025-10-15T21:56:01.100000,44d1b4,,,,,,,242.0,,A3
2025-10-15T21:57:01.200000,4b984f,,,406.8,223.3,,,46.5,0134,
2025-10-15T21:57:01.200000,06a070,QTR5R,34000,496.2,103.8,41.037094,-8.836121,59.4,3712,A5
2025-10-15T21:57:01.200000,406a93,EZY85XD,35975,461.4,5.8,39.505783,-8.915166,0.1,7761,A3
2025-10-15T21:57:01.200000,503d71,CFG9WC,34000,473.2,38.6,38.770333,-8.212524,0.2,4472,A3
2025-10-15T21:57:01.200000,495299,TAP26T,27000,405.0,8.1,39.955553,-8.960661,0.1,4417,A3
2025-10-15T21:57:01.200000,348206,VLG4QP,19175,433.4,66.0,39.158569,-8.308888,0.5,3353,A3
2025-10-15T21:57:01.200000,4071d7,,,,,,,230.8,,
2025-10-15T21:57:01.200000,3c6664,DLH92N,24750,350.2,210.7,39.688339,-8.360596,0.0,3716,A3
2025-10-15T21:57:01.200000,440198,EJU41RK,23550,339.7,211.4,39.558563,-8.670183,0.2,7573,A3
2025-10-15T21:57:01.200000,4951cb,TAP5AS,19625,328.9,228.9,39.337189,-8.885909,0.1,0137,A3
2025-10-15T21:57:01.200000,39ceb9,TVF16BA,24100,345.1,211.2,39.377141,-8.68689,0.0,7675,A3
2025-10-15T21:57:01.200000,4ca8d6,RYR25ZJ,32150,467.8,20.9,40.146696,-7.789494,0.5,2245,A3
2025-10-15T21:57:01.200000,4951ce,TAP837,16850,288.3,230.3,38.726667,-8.290222,15.9,4004,A3
2025-10-15T21:57:01.200000,4ca4ec,,,,,,,179.2,,A3
2025-10-15T21:57:01.200000,4cadf0,,,,,,,41.5,2630,A3
2025-10-15T21:57:01.200000,4403bb,,,,,,,204.1,,A3
2025-10-15T21:57:01.200000,4cae9e,,,,,,,279.6,,A3
2025-10-15T21:58:01.400000,4b984f,,37000,409.6,223.1,40.286632,-7.285496,6.5,,
2025-10-15T21:58:01.400000,06a070,,34000,500.6,102.3,,,12.8,3712,A5
2025-10-15T21:58:01.400000,406a93,EZY85XD,36000,456.3,5.8,39.633598,-8.89856,0.0,7761,A3
2025-10-15T21:58:01.400000,503d71,CFG9WC,34000,472.4,38.6,38.87461,-8.10614,0.1,4472,A3
2025-10-15T21:58:01.400000,495299,TAP26T,28425,412.2,8.2,40.080453,-8.937378,0.2,4417,A3
2025-10-15T21:58:01.400000,348206,VLG4QP,20875,450.4,66.2,39.209015,-8.163379,0.1,3353,A3
2025-10-15T21:58:01.400000,4071d7,,,,,,,291.0,,
2025-10-15T21:58:01.400000,3c6664,DLH92N,23850,340.2,232.5,39.625992,-8.453203,0.2,3716,A3
2025-10-15T21:58:01.400000,440198,EJU41RK,22550,335.5,210.8,39.477768,-8.733235,0.1,7573,A3
2025-10-15T21:58:01.400000,4951cb,TAP5AS,19325,323.1,228.8,39.32072,-8.910095,19.8,0137,A3
2025-10-15T21:58:01.400000,39ceb9,TVF16BA,23350,338.8,221.2,39.298508,-8.754253,0.0,7675,A3
2025-10-15T21:58:01.400000,4ca8d6,RYR25ZJ,33400,463.7,21.0,40.24576,-7.740118,11.9,2245,A3
2025-10-15T21:58:01.400000,4951ce,,15325,,,,,0.7,4004,A3
2025-10-15T21:58:01.400000,4ca4ec,,,,,,,239.4,,A3
2025-10-15T21:58:01.400000,4cadf0,,,,,,,101.7,,A3
2025-10-15T21:58:01.400000,4403bb,,,,,,,264.3,,A3
2025-10-15T21:59:01.900000,44015a,,37025,431.4,189.9,,,5.7,0514,
2025-10-15T21:59:01.900000,4cad54,RYR87CF,11225,353.0,46.7,39.072006,-8.818857,0.0,2255,A3
2025-10-15T21:59:01.900000,4b984f,,37000,412.5,223.1,40.200045,-7.391364,3.7,0134,
2025-10-15T21:59:01.900000,06a070,,,,,,,73.3,,A5
2025-10-15T21:59:01.900000,406a93,EZY85XD,36000,454.3,5.8,39.75859,-8.882019,0.0,7761,A3
2025-10-15T21:59:01.900000,503d71,CFG9WC,34000,472.4,38.6,38.927261,-8.052429,21.6,4472,A3
2025-10-15T21:59:01.900000,495299,TAP26T,29525,420.3,8.2,40.195816,-8.915771,0.1,4417,A3
2025-10-15T21:59:01.900000,348206,VLG4QP,22325,462.9,63.7,39.260668,-8.02478,1.9,3353,A3
2025-10-15T21:59:01.900000,3c6664,DLH92N,22800,337.2,211.7,39.561584,-8.54181,0.1,3716,A3
2025-10-15T21:59:01.900000,440198,EJU41RK,21525,330.2,217.5,39.399207,-8.796021,0.1,7573,A3
2025-10-15T21:59:01.900000,4951cb,,,,,,,80.2,,A3
2025-10-15T21:59:01.900000,39ceb9,TVF16BA,22400,328.7,221.5,39.228593,-8.834106,0.0,7675,A3
2025-10-15T21:59:01.900000,4ca8d6,,,,,,,72.4,,A3
2025-10-15T21:59:01.900000,4951ce,TAP837,14250,279.9,230.5,38.604355,-8.477385,2.4,4004,A3
2025-10-15T21:59:01.900000,4ca4ec,,,,,,,299.9,,A3
2025-10-15T21:59:01.900000,4cadf0,,,,,,,162.2,,A3
