timestamp,hex,flight,alt_baro,gs,track,lat,lon,seen,squawk,category
2025-11-07T06:00:00.800000,4caed4,BCS8325,26300,369.4,232.5,40.03958,-8.238373,0.4,2672,A3
2025-11-07T06:00:00.800000,4952cf,TAP1544,16575,322.4,357.0,38.478916,-8.66156,0.9,6206,
2025-11-07T06:00:00.800000,3991e4,AFR16MV,25900,429.9,44.4,39.378571,-8.401496,0.0,1145,A3
2025-11-07T06:00:00.800000,344305,,,,,,,215.1,,A5
2025-11-07T06:00:00.800000,896489,,,,,,,56.9,2464,A5
2025-11-07T06:01:00.700000,4caed4,BCS8325,24500,404.4,187.4,39.948849,-8.310221,0.0,2672,A3
2025-11-07T06:01:00.700000,4952cf,,15175,,,38.478916,-8.66156,5.5,6206,
2025-11-07T06:01:00.700000,3991e4,AFR16MV,27125,441.2,44.6,39.465172,-8.291687,0.1,1145,A3
2025-11-07T06:01:00.700000,344305,,37000,532.2,105.0,40.793198,-7.304871,1.7,,A5
2025-11-07T06:01:00.700000,896489,,9725,269.9,263.2,39.038334,-8.484436,15.5,6007,A5
2025-11-07T06:02:01,3c666f,DLH51J,11150,416.1,41.0,38.915314,-8.851876,0.3,1142,A3
2025-11-07T06:02:01,4caed4,BCS8325,23325,391.4,186.3,39.83759,-8.327637,0.0,2672,A3
2025-11-07T06:02:01,4952cf,,14250,,,,,14.0,6206,
2025-11-07T06:02:01,3991e4,AFR16MV,28375,449.0,44.7,39.551154,-8.182373,0.1,1145,A3
2025-11-07T06:02:01,344305,,37025,519.8,105.1,40.760627,-7.14592,7.4,5307,A5
2025-11-07T06:02:01,896489,ETD7TR,7900,265.1,262.8,39.024582,-8.62367,0.0,6007,A5
2025-11-07T06:03:01.100000,3c666f,DLH51J,13100,426.1,40.9,39.035202,-8.718308,1.5,1142,A3
2025-11-07T06:03:01.100000,4caed4,BCS8325,22225,356.5,186.8,39.736542,-8.342564,0.1,2672,A3
2025-11-07T06:03:01.100000,4952cf,,,,,,,5.2,,
2025-11-07T06:03:01.100000,3991e4,AFR16MV,29475,458.9,44.7,39.644348,-8.063427,0.0,1145,A3
2025-11-07T06:03:01.100000,344305,,,,,,,33.8,,A5
2025-11-07T06:03:01.100000,896489,ETD7TR,7575,264.2,262.6,39.022553,-8.644104,45.7,6007,A5
2025-11-07T06:04:01,3c666f,DLH51J,14900,436.6,41.1,39.124735,-8.618103,1.4,1142,A3
2025-11-07T06:04:01,4caed4,BCS8325,18650,362.0,233.0,39.655289,-8.404422,0.0,2672,A3
2025-11-07T06:04:01,4952cf,,10125,281.5,356.5,38.793563,-8.683167,0.9,6206,
2025-11-07T06:04:01,3991e4,AFR16MV,30525,460.3,44.7,39.725281,-7.959654,4.4,1145,A3
2025-11-07T06:04:01,344305,,,,,,,93.7,,A5
2025-11-07T06:04:01,896489,,,,,,,105.6,,A5
2025-11-07T06:05:01.400000,3c666f,DLH51J,16675,440.1,41.2,39.207412,-8.525208,3.7,1142,A3
2025-11-07T06:05:01.400000,4caed4,BCS8325,16175,357.5,229.5,39.593935,-8.50708,0.1,2672,A3
2025-11-07T06:05:01.400000,4952cf,TAP1544,9300,277.4,356.9,38.836487,-8.686364,24.7,6206,A3
2025-11-07T06:05:01.400000,3991e4,,30525,,,39.725281,-7.959654,22.2,1145,A3
2025-11-07T06:05:01.400000,344305,IBE03SV,37000,525.7,111.5,40.628047,-6.568201,0.9,5307,A5
2025-11-07T06:05:01.400000,896489,,,,,,,166.1,,A5
2025-11-07T06:06:01,34644e,,,,,,,6.7,,
2025-11-07T06:06:01,3c666f,DLH51J,18350,452.0,41.4,39.314808,-8.403992,0.0,1142,A3
2025-11-07T06:06:01,4caed4,BCS8325,14150,345.9,211.2,39.513353,-8.580444,0.0,2672,A3
2025-11-07T06:06:01,4952cf,,,,,,,4.0,,A3
2025-11-07T06:06:01,3991e4,AFR16MV,32275,479.4,44.8,39.919968,-7.708939,0.0,1145,A3
2025-11-07T06:06:01,344305,,37025,526.5,111.2,40.621297,-6.545604,54.4,,A5
2025-11-07T06:06:01,896489,,,,,,,225.7,,A5
2025-11-07T06:07:00.700000,34644e,,34975,,,,,14.2,,
2025-11-07T06:07:00.700000,3c666f,DLH51J,19650,463.4,41.3,39.410431,-8.295693,0.2,1142,A3
2025-11-07T06:07:00.700000,4caed4,BCS8325,12675,315.4,211.1,39.434214,-8.64209,0.1,2672,A3
2025-11-07T06:07:00.700000,4952cf,,,,,,,63.6,,A3
2025-11-07T06:07:00.700000,3991e4,AFR16MV,33175,482.2,45.0,40.013947,-7.586731,0.1,1145,A3
2025-11-07T06:07:00.700000,344305,,,,,,,4.7,,A5
2025-11-07T06:07:00.700000,896489,,,,,,,285.3,,A5
2025-11-07T06:08:01.300000,346355,,33975,388.3,300.7,,,0.2,,
2025-11-07T06:08:01.300000,4b9c62,,7950,222.3,317.9,,,0.2,,
2025-11-07T06:08:01.300000,4cae62,,,,,,,13.4,,
2025-11-07T06:08:01.300000,440118,,34975,,,40.454132,-8.223206,3.4,7631,
2025-11-07T06:08:01.300000,34644e,,,,,,,74.8,,
2025-11-07T06:08:01.300000,3c666f,DLH51J,20775,476.1,41.4,39.509216,-8.183381,0.3,1142,A3
2025-11-07T06:08:01.300000,4caed4,BCS8325,11550,287.6,214.5,39.364151,-8.699381,0.3,2672,A3
2025-11-07T06:08:01.300000,4952cf,,,,,,,124.2,,A3
2025-11-07T06:08:01.300000,3991e4,AFR16MV,33925,488.6,45.1,40.109734,-7.461902,0.3,1145,A3
2025-11-07T06:08:01.300000,344305,IBE03SV,35950,532.0,110.6,,,1.9,,A5
2025-11-07T06:09:01.600000,e48ba8,,,,,,,8.0,,
2025-11-07T06:09:01.600000,346355,,33975,388.3,300.7,38.033039,-7.210494,28.5,4613,
2025-11-07T06:09:01.600000,4b9c62,BBT475,7725,220.3,318.5,,,37.2,4011,
2025-11-07T06:09:01.600000,4cae62,,,,,,,3.0,,
2025-11-07T06:09:01.600000,440118,TAY1MN,34125,394.1,209.5,40.351107,-8.300108,0.1,7631,A3
2025-11-07T06:09:01.600000,34644e,IBS15PV,34975,394.3,241.0,39.298887,-7.038635,2.1,2603,
2025-11-07T06:09:01.600000,3c666f,DLH51J,21625,490.2,41.5,39.610461,-8.067932,0.2,1142,A3
2025-11-07T06:09:01.600000,4caed4,BCS8325,10025,282.3,213.3,39.298142,-8.75647,0.0,2672,A3
2025-11-07T06:09:01.600000,4952cf,,,,,,,184.6,,A3
2025-11-07T06:09:01.600000,3991e4,AFR16MV,34600,492.9,45.2,40.206161,-7.335938,0.1,1145,A3
2025-11-07T06:09:01.600000,344305,,34675,525.4,110.8,40.423965,-5.857117,7.5,5307,A5
2025-11-07T06:10:01.400000,4ca80f,,36000,449.5,15.1,,,1.9,,
2025-11-07T06:10:01.400000,e48ba8,TAM8146,12850,305.2,2.3,38.638078,-8.713928,0.2,6252,A5
2025-11-07T06:10:01.400000,346355,,,,,,,25.1,,
2025-11-07T06:10:01.400000,4b9c62,,,,,,,97.0,,
2025-11-07T06:10:01.400000,4cae62,RYR84FT,17675,368.3,56.7,38.852829,-8.691857,0.3,2201,A3
2025-11-07T06:10:01.400000,440118,TAY1MN,32075,403.0,209.4,40.289246,-8.345886,4.7,7631,A3
2025-11-07T06:10:01.400000,34644e,,35025,399.9,236.1,,,2.3,,
2025-11-07T06:10:01.400000,3c666f,DLH51J,22375,494.3,44.3,39.67543,-7.991121,2.5,3760,A3
2025-11-07T06:10:01.400000,4caed4,BCS8325,8475,276.5,213.3,39.233276,-8.811155,0.3,2672,A3
2025-11-07T06:10:01.400000,4952cf,,,,,,,244.4,,A3
2025-11-07T06:10:01.400000,3991e4,AFR16MV,35825,482.3,45.3,40.301436,-7.210714,0.4,1145,A3
2025-11-07T06:10:01.400000,344305,,34050,,,40.423965,-5.857117,30.6,,A5
2025-11-07T06:11:01.300000,4ca80f,,36000,451.4,15.0,38.372498,-7.517629,15.7,7750,
2025-11-07T06:11:01.300000,e48ba8,TAM8146,11375,275.3,2.7,38.7188,-8.709473,0.1,6252,A5
2025-11-07T06:11:01.300000,346355,,34050,,,,,1.3,,
2025-11-07T06:11:01.300000,4b9c62,,,,,,,156.9,,
2025-11-07T06:11:01.300000,4cae62,RYR84FT,19625,388.1,59.7,38.913391,-8.573516,0.1,2201,A3
2025-11-07T06:11:01.300000,440118,TAY1MN,27275,414.7,209.5,40.157403,-8.443243,1.0,7631,A3
2025-11-07T06:11:01.300000,34644e,,35050,,,,,3.7,,
2025-11-07T06:11:01.300000,3c666f,,,,,,,62.4,3760,A3
2025-11-07T06:11:01.300000,4caed4,BCS8325,7025,275.7,213.5,39.175415,-8.860295,2.0,2672,A3
2025-11-07T06:11:01.300000,3991e4,AFR16MV,36000,470.9,45.2,40.393284,-7.089365,0.9,1145,A3
2025-11-07T06:11:01.300000,344305,,,,,,,90.5,,A5
2025-11-07T06:12:01.300000,4bb20d,,,,,,,6.6,,
2025-11-07T06:12:01.300000,4cad3b,RYR96SY,8975,297.1,159.9,40.961655,-8.559631,1.7,3347,A3
2025-11-07T06:12:01.300000,4ca80f,,,,,,,75.7,,
2025-11-07T06:12:01.300000,e48ba8,TAM8146,10025,272.3,2.7,38.793749,-8.705444,0.0,6252,A5
2025-11-07T06:12:01.300000,346355,VLG2655,34025,415.7,343.2,,,0.6,4613,A3
2025-11-07T06:12:01.300000,4b9c62,,,,,,,216.8,,
2025-11-07T06:12:01.300000,4cae62,RYR84FT,20500,395.9,60.3,38.940249,-8.513306,1.2,2201,A3
2025-11-07T06:12:01.300000,440118,TAY1MN,24675,389.0,215.2,40.059271,-8.521708,0.1,7631,A3
2025-11-07T06:12:01.300000,34644e,IBS15PV,35025,419.0,215.3,39.052719,-7.374207,0.1,2603,A3
2025-11-07T06:12:01.300000,3c666f,DLH51J,24875,502.8,44.4,39.908908,-7.696045,0.2,1142,A3
2025-11-07T06:12:01.300000,4caed4,,6825,275.7,213.5,39.168215,-8.866455,53.4,,A3
2025-11-07T06:12:01.300000,3991e4,AFR16MV,36000,475.2,45.3,40.484299,-6.969177,0.3,1145,A3
2025-11-07T06:12:01.300000,344305,,,,,,,150.5,,A5
2025-11-07T06:13:01.500000,4bb20d,THY9XS,12350,401.3,56.6,38.821198,-8.757954,0.1,2224,
2025-11-07T06:13:01.500000,4cad3b,,9925,303.0,160.1,40.929938,-8.544429,42.2,3347,A3
2025-11-07T06:13:01.500000,4ca80f,RYR5NH,36000,448.5,15.1,38.640685,-7.425049,6.6,7750,A3
2025-11-07T06:13:01.500000,e48ba8,TAM8146,8925,252.8,339.6,38.865812,-8.716248,0.1,6252,A5
2025-11-07T06:13:01.500000,346355,,34000,,,,,0.5,4613,A3
2025-11-07T06:13:01.500000,4b9c62,,,,,,,277.0,,
2025-11-07T06:13:01.500000,4cae62,RYR84FT,22650,410.3,60.2,39.008286,-8.360775,1.0,2201,A3
2025-11-07T06:13:01.500000,440118,TAY1MN,22400,370.1,215.3,39.97315,-8.600922,0.0,7631,A3
2025-11-07T06:13:01.500000,34644e,IBS15PV,35000,419.2,215.1,39.00531,-7.417085,26.8,2603,A3
2025-11-07T06:13:01.500000,3c666f,DLH51J,26100,499.2,44.4,40.00839,-7.569705,0.0,1142,A3
2025-11-07T06:13:01.500000,4caed4,,37275,,,,,51.8,,A3
2025-11-07T06:13:01.500000,3991e4,AFR16MV,36000,478.0,45.5,40.554794,-6.875427,4.3,1145,A3
2025-11-07T06:13:01.500000,344305,,,,,,,210.7,,A5
2025-11-07T06:14:00.500000,4bb20d,THY9XS,13625,407.7,56.5,38.859899,-8.682922,18.4,2224,A3
2025-11-07T06:14:00.500000,4cad3b,,,,,,,101.2,,A3
2025-11-07T06:14:00.500000,4ca80f,,,448.5,15.1,,,55.3,,A3
2025-11-07T06:14:00.500000,e48ba8,TAM8146,7900,236.6,296.3,38.918793,-8.763627,0.0,6252,A5
2025-11-07T06:14:00.500000,346355,,33975,,,,,27.8,4613,A3
2025-11-07T06:14:00.500000,4cae62,RYR84FT,24675,425.9,60.3,39.080185,-8.199402,0.5,2201,A3
2025-11-07T06:14:00.500000,440118,TAY1MN,19825,368.7,214.7,39.891963,-8.675293,0.0,7631,A3
2025-11-07T06:14:00.500000,34644e,,,,,,,2.1,,A3
2025-11-07T06:14:00.500000,3c666f,DLH51J,27150,499.9,44.6,40.105544,-7.445485,0.0,1142,A3
2025-11-07T06:14:00.500000,4caed4,,,,,,,110.8,,A3
2025-11-07T06:14:00.500000,3991e4,,36000,480.2,45.6,40.623298,-6.784058,22.3,1145,A3
2025-11-07T06:14:00.500000,344305,,,,,,,269.7,,A5
2025-11-07T06:15:00.900000,4bb20d,THY9XS,15975,420.2,56.7,38.93955,-8.528198,2.3,2224,A3
2025-11-07T06:15:00.900000,4cad3b,,,,,,,161.6,,A3
2025-11-07T06:15:00.900000,4ca80f,,,,,,,115.7,,A3
2025-11-07T06:15:00.900000,e48ba8,TAM8146,7425,235.3,295.1,38.924142,-8.777954,31.2,6252,A5
2025-11-07T06:15:00.900000,346355,,,,,,,88.2,,A3
2025-11-07T06:15:00.900000,4cae62,RYR84FT,26275,432.6,60.4,39.140609,-8.063171,0.1,2201,A3
2025-11-07T06:15:00.900000,440118,TAY1MN,17700,354.8,214.9,39.808541,-8.75061,0.2,7631,A3
2025-11-07T06:15:00.900000,34644e,IBS15PV,35000,420.6,215.1,38.774104,-7.624878,0.1,2603,A3
2025-11-07T06:15:00.900000,3c666f,DLH51J,28000,499.2,44.7,40.199524,-7.325012,0.9,1142,A3
2025-11-07T06:15:00.900000,4caed4,,,,,,,171.2,,A3
2025-11-07T06:15:00.900000,3991e4,,,,,,,12.8,1145,A3
2025-11-07T06:16:00.500000,440047,EJU42PC,8500,302.2,75.8,41.123828,-8.482194,0.4,2226,A3
2025-11-07T06:16:00.500000,4bb20d,THY9XS,17650,423.8,56.6,38.995227,-8.419739,1.3,2224,A3
2025-11-07T06:16:00.500000,4cad3b,,18150,370.1,160.1,40.614853,-8.394714,6.4,3347,A3
2025-11-07T06:16:00.500000,4ca80f,RYR5NH,36000,440.5,15.3,39.033051,-7.288473,0.2,7750,A3
2025-11-07T06:16:00.500000,e48ba8,,,,,,,90.8,,A5
2025-11-07T06:16:00.500000,346355,,,,,,,147.8,,A3
2025-11-07T06:16:00.500000,4cae62,RYR84FT,27075,438.8,60.5,39.177293,-7.980225,10.1,2201,A3
2025-11-07T06:16:00.500000,440118,TAY1MN,15525,346.0,215.1,39.728983,-8.822815,0.0,7631,A3
2025-11-07T06:16:00.500000,34644e,IBS15PV,35000,420.6,215.1,38.774104,-7.624878,51.7,2603,A3
2025-11-07T06:16:00.500000,3c666f,DLH51J,28700,499.2,44.7,40.25267,-7.256531,28.9,1142,A3
2025-11-07T06:16:00.500000,4caed4,,,,,,,230.8,,A3
2025-11-07T06:16:00.500000,3991e4,,,,,,,72.4,,A3
2025-11-07T06:17:01,440047,,,302.2,75.8,,,54.8,2226,A3
2025-11-07T06:17:01,4bb20d,THY9XS,19375,443.7,60.7,39.076833,-8.25592,0.1,2224,A3
2025-11-07T06:17:01,4cad3b,,,370.1,160.1,,,66.9,,A3
2025-11-07T06:17:01,4ca80f,RYR5NH,36000,437.4,15.2,39.127482,-7.255615,4.2,7750,A3
2025-11-07T06:17:01,e48ba8,,,,,,,151.3,,A5
2025-11-07T06:17:01,346355,VLG2655,34025,409.1,343.4,38.890624,-7.728394,0.4,4613,A3
2025-11-07T06:17:01,4cae62,RYR84FT,28775,453.6,60.6,39.261878,-7.788269,0.0,2201,A3
2025-11-07T06:17:01,440118,TAY1MN,13600,329.8,214.8,39.651398,-8.892597,0.0,7631,A3
2025-11-07T06:17:01,34644e,,35000,423.1,214.9,,,1.1,2603,A3
2025-11-07T06:17:01,3c666f,,29425,,,,,37.8,1142,A3
2025-11-07T06:17:01,4caed4,,,,,,,291.3,,A3
2025-11-07T06:17:01,3991e4,,,,,,,132.9,,A3
2025-11-07T06:18:00.700000,440030,EJU12LY,,,,,,0.9,,A3
2025-11-07T06:18:00.700000,06a0ad,QTR343,34850,438.7,243.6,39.431854,-6.67306,0.0,3353,A5
2025-11-07T06:18:00.700000,440047,,,,,,,114.4,,A3
2025-11-07T06:18:00.700000,4bb20d,THY9XS,20550,458.3,61.3,39.135209,-8.11676,0.1,2224,A3
2025-11-07T06:18:00.700000,4cad3b,,22325,398.0,160.0,40.401947,-8.294312,3.9,3347,A3
2025-11-07T06:18:00.700000,4ca80f,RYR5NH,36000,446.3,27.2,39.26445,-7.193597,2.5,7750,A3
2025-11-07T06:18:00.700000,e48ba8,,,,,,,211.0,,A5
2025-11-07T06:18:00.700000,346355,,34025,407.2,343.3,38.983566,-7.76411,2.1,4613,A3
2025-11-07T06:18:00.700000,4cae62,RYR84FT,29625,463.9,60.6,39.312012,-7.673652,6.2,2201,A3
2025-11-07T06:18:00.700000,440118,TAY1MN,11925,319.0,214.8,39.58388,-8.953552,0.9,7631,A3
2025-11-07T06:18:00.700000,34644e,,35000,423.1,214.9,,,36.9,2603,A3
2025-11-07T06:18:00.700000,3c666f,DLH51J,31000,494.3,44.9,40.499634,-6.936523,0.1,1142,A3
2025-11-07T06:18:00.700000,3991e4,,,,,,,192.6,,A3
2025-11-07T06:19:00.500000,440030,EJU12LY,9775,267.8,217.0,41.013977,-8.727661,7.5,3346,A3
2025-11-07T06:19:00.500000,06a0ad,,33725,431.6,243.1,39.401628,-6.750793,22.8,3353,A5
2025-11-07T06:19:00.500000,440047,,,,,,,174.2,,A3
2025-11-07T06:19:00.500000,4bb20d,THY9XS,21750,466.4,61.0,39.196612,-7.97406,0.0,2224,A3
2025-11-07T06:19:00.500000,4cad3b,,24575,409.6,160.5,40.28508,-8.239258,0.2,3347,A3
2025-11-07T06:19:00.500000,4ca80f,,36000,443.2,27.3,39.345657,-7.139979,5.6,7750,A3
2025-11-07T06:19:00.500000,e48ba8,,,,,,,270.8,,A5
2025-11-07T06:19:00.500000,346355,,34025,407.2,343.3,39.010117,-7.77432,17.2,,A3
2025-11-07T06:19:00.500000,4cae62,,30725,477.7,60.8,39.382324,-7.512439,1.7,2201,A3
2025-11-07T06:19:00.500000,440118,,10675,301.4,190.9,39.530624,-9.001099,2.2,7631,A3
2025-11-07T06:19:00.500000,34644e,,,,,,,96.7,,A3
2025-11-07T06:19:00.500000,3c666f,DLH51J,31375,493.6,44.8,40.538589,-6.885803,31.3,1142,A3
2025-11-07T06:19:00.500000,3991e4,,,,,,,252.4,,A3
2025-11-07T06:20:01,4ca8af,RYR87XJ,7875,287.9,98.2,41.142197,-8.493164,0.6,2257,A3
2025-11-07T06:20:01,440030,,11575,319.1,220.7,40.943802,-8.806274,0.2,3346,A3
2025-11-07T06:20:01,06a0ad,,,,,,,83.4,,A5
2025-11-07T06:20:01,440047,,,,,,,234.8,,A3
2025-11-07T06:20:01,4bb20d,THY9XS,22775,478.9,61.0,39.261692,-7.82251,0.0,2224,A3
2025-11-07T06:20:01,4cad3b,RYR96SY,26400,419.7,160.2,40.175858,-8.188721,0.1,3347,A3
2025-11-07T06:20:01,4ca80f,RYR5NH,36000,441.4,27.4,39.487237,-7.045715,0.1,7750,A3
2025-11-07T06:20:01,346355,VLG2655,33975,405.3,343.2,39.215326,-7.853577,0.2,4613,A3
2025-11-07T06:20:01,4cae62,RYR84FT,31325,481.3,60.8,39.414185,-7.439058,23.1,2201,A3
2025-11-07T06:20:01,440118,,9300,301.4,190.9,39.451721,-8.999176,0.4,,A3
2025-11-07T06:20:01,34644e,,,,,,,157.2,,A3
2025-11-07T06:20:01,3c666f,,,,,,,91.8,,A3
2025-11-07T06:20:01,3991e4,,36025,,,,,8.4,,A3
2025-11-07T06:21:01.200000,4ca8af,RYR87XJ,8050,315.1,74.7,41.141235,-8.473633,39.3,2257,A3
2025-11-07T06:21:01.200000,440030,EJU12LY,14500,311.4,220.4,40.878387,-8.879395,0.2,3346,A3
2025-11-07T06:21:01.200000,06a0ad,QTR343,28900,407.4,243.0,39.273926,-7.074956,0.4,3353,A5
2025-11-07T06:21:01.200000,440047,,,,,,,294.9,,A3
2025-11-07T06:21:01.200000,4bb20d,THY9XS,23825,481.1,61.3,39.31681,-7.693726,0.5,2224,A3
2025-11-07T06:21:01.200000,4cad3b,RYR96SY,28150,427.0,160.3,40.064811,-8.136687,0.0,3347,A3
2025-11-07T06:21:01.200000,4ca80f,RYR5NH,36000,441.4,27.4,39.510544,-7.030116,37.4,7750,A3
2025-11-07T06:21:01.200000,346355,VLG2655,33975,405.3,343.2,39.322403,-7.895169,0.1,4613,A3
2025-11-07T06:21:01.200000,4cae62,RYR84FT,32825,495.6,60.9,39.520336,-7.193237,0.1,2201,A3
2025-11-07T06:21:01.200000,440118,,9300,,,,,60.6,,A3
2025-11-07T06:21:01.200000,34644e,,,,,,,217.3,,A3
2025-11-07T06:21:01.200000,3c666f,,,,,,,152.0,,A3
2025-11-07T06:21:01.200000,3991e4,,36025,,,,,68.6,,A3
2025-11-07T06:22:00.700000,4ca8af,,,,,,,98.9,,A3
2025-11-07T06:22:00.700000,440030,EJU12LY,16525,327.6,197.8,40.801163,-8.932495,0.1,3346,A3
2025-11-07T06:22:00.700000,06a0ad,,27300,401.6,243.1,39.233093,-7.17867,2.8,3353,A5
2025-11-07T06:22:00.700000,4bb20d,THY9XS,25000,484.7,61.3,39.390502,-7.520569,0.0,2224,A3
2025-11-07T06:22:00.700000,4cad3b,RYR96SY,29525,442.8,160.3,39.951177,-8.083878,0.0,3347,A3
2025-11-07T06:22:00.700000,4ca80f,,,,,,,97.0,,A3
2025-11-07T06:22:00.700000,346355,VLG2655,34000,406.5,343.1,39.430258,-7.937195,0.3,4613,A3
2025-11-07T06:22:00.700000,4cae62,,32975,498.7,61.0,39.531602,-7.167114,39.8,2201,A3
2025-11-07T06:22:00.700000,440118,,7150,283.8,184.2,39.32103,-9.002221,7.5,,A3
2025-11-07T06:22:00.700000,34644e,,35025,429.1,214.7,,,0.4,2603,A3
2025-11-07T06:22:00.700000,3c666f,,,,,,,211.6,,A3
2025-11-07T06:22:00.700000,3991e4,,,,,,,128.1,,A3
2025-11-07T06:23:01.200000,346082,AEA63QN,32875,403.9,242.7,39.433594,-6.690972,3.1,2653,
2025-11-07T06:23:01.200000,4ca8af,,,,,,,159.4,,A3
2025-11-07T06:23:01.200000,440030,EJU12LY,18175,349.6,195.4,40.718674,-8.963989,0.3,3346,A3
2025-11-07T06:23:01.200000,06a0ad,,24900,,,39.212402,-7.230735,0.6,,A5
2025-11-07T06:23:01.200000,4bb20d,THY9XS,25550,489.1,61.5,39.43752,-7.409363,13.2,2224,A3
2025-11-07T06:23:01.200000,4cad3b,RYR96SY,30825,454.2,160.4,39.83313,-8.029274,0.0,3347,A3
2025-11-07T06:23:01.200000,4ca80f,,,,,,,157.5,,A3
2025-11-07T06:23:01.200000,346355,VLG2655,34025,406.8,343.0,39.539429,-7.979716,0.1,4613,A3
2025-11-07T06:23:01.200000,4cae62,,,,,,,100.3,,A3
2025-11-07T06:23:01.200000,440118,,,,,,,68.0,,A3
2025-11-07T06:23:01.200000,34644e,,35025,429.1,214.7,,,13.9,,A3
2025-11-07T06:23:01.200000,3c666f,,,,,,,272.1,,A3
2025-11-07T06:23:01.200000,3991e4,,,,,,,188.6,,A3
2025-11-07T06:24:01.400000,346082,,32325,403.9,242.7,,,41.6,2653,
2025-11-07T06:24:01.400000,4ca8af,,,,,,,219.5,,A3
2025-11-07T06:24:01.400000,440030,EJU12LY,19375,361.0,195.4,40.646576,-8.990662,17.7,3346,A3
2025-11-07T06:24:01.400000,06a0ad,QTR343,23625,374.6,257.7,39.148865,-7.45709,1.3,3353,A5
2025-11-07T06:24:01.400000,4bb20d,THY9XS,26525,498.0,61.6,39.521713,-7.209778,0.3,2224,A3
2025-11-07T06:24:01.400000,4cad3b,RYR96SY,32000,465.0,160.4,39.714226,-7.974426,0.1,3347,A3
2025-11-07T06:24:01.400000,4ca80f,,,,,,,217.6,,A3
2025-11-07T06:24:01.400000,346355,VLG2655,34050,406.5,343.1,39.647843,-8.022217,0.0,4613,A3
2025-11-07T06:24:01.400000,4cae62,,,,,,,160.5,,A3
2025-11-07T06:24:01.400000,440118,,,,,,,128.2,,A3
2025-11-07T06:24:01.400000,34644e,,,,,,,74.1,,A3
2025-11-07T06:24:01.400000,3991e4,,,,,,,248.8,,A3
2025-11-07T06:25:01.400000,346082,,,,,,,101.6,,
2025-11-07T06:25:01.400000,4ca8af,,,,,,,279.6,,A3
2025-11-07T06:25:01.400000,440030,,20525,,,40.610962,-9.022583,53.8,,A3
2025-11-07T06:25:01.400000,06a0ad,QTR343,21525,366.2,257.9,39.124549,-7.601501,0.1,3353,A5
2025-11-07T06:25:01.400000,4bb20d,THY9XS,26825,501.1,61.6,39.549591,-7.143143,15.3,2224,A3
2025-11-07T06:25:01.400000,4cad3b,RYR96SY,33350,466.5,160.6,39.58992,-7.917381,0.1,3347,A3
2025-11-07T06:25:01.400000,4ca80f,,,,,,,277.7,,A3
2025-11-07T06:25:01.400000,346355,VLG2655,34000,404.6,343.0,39.751373,-8.06289,0.7,4613,A3
2025-11-07T06:25:01.400000,4cae62,,,,,,,220.5,,A3
2025-11-07T06:25:01.400000,440118,,,,,,,188.2,,A3
2025-11-07T06:25:01.400000,34644e,,,,,,,134.2,,A3
2025-11-07T06:26:01.100000,4951ce,,,,,,,32.9,,
2025-11-07T06:26:01.100000,346082,,29675,397.7,242.3,39.275658,-7.083557,0.3,2653,
2025-11-07T06:26:01.100000,440030,,,,,,,113.5,,A3
2025-11-07T06:26:01.100000,06a0ad,QTR343,20800,363.3,257.8,39.116495,-7.649353,31.6,3353,A5
2025-11-07T06:26:01.100000,4bb20d,,,,,,,74.9,,A3
2025-11-07T06:26:01.100000,4cad3b,RYR96SY,35000,454.5,160.7,39.471223,-7.863159,0.1,3347,A3
2025-11-07T06:26:01.100000,346355,VLG2655,34000,402.4,343.1,39.862564,-8.106716,0.0,4613,A3
2025-11-07T06:26:01.100000,4cae62,,,,,,,280.1,,A3
2025-11-07T06:26:01.100000,440118,,,,,,,247.8,,A3
2025-11-07T06:26:01.100000,34644e,,,,,,,2.3,,A3
2025-11-07T06:27:01.900000,495292,TAP1709,12375,278.6,219.2,41.008285,-8.868089,0.3,3351,A3
2025-11-07T06:27:01.900000,4951ce,,14775,,,,,0.1,4402,
2025-11-07T06:27:01.900000,346082,,28850,397.6,242.6,39.234598,-7.184814,13.2,2653,
2025-11-07T06:27:01.900000,440030,,,,,,,174.3,,A3
2025-11-07T06:27:01.900000,06a0ad,QTR343,17725,353.8,257.9,39.083038,-7.851642,0.2,3353,A5
2025-11-07T06:27:01.900000,4bb20d,,,,,,,135.8,,A3
2025-11-07T06:27:01.900000,4cad3b,RYR96SY,35000,453.9,160.6,39.350234,-7.80835,0.1,3347,A3
2025-11-07T06:27:01.900000,346355,VLG2655,33975,401.4,343.1,39.969332,-8.148922,0.3,4613,A3
2025-11-07T06:27:01.900000,34644e,,,,,,,63.1,,A3
2025-11-07T06:28:01.400000,44009e,EJU39AY,38975,448.0,192.1,40.467348,-6.972823,0.1,2360,
2025-11-07T06:28:01.400000,e8046c,TAM8068,38000,509.1,38.9,38.767914,-8.6872,1.2,6204,A5
2025-11-07T06:28:01.400000,495292,TAP1709,15050,293.0,220.4,40.948466,-8.933445,0.3,3351,A3
2025-11-07T06:28:01.400000,4951ce,TAP1908,12875,363.3,343.9,,,1.8,4402,A3
2025-11-07T06:28:01.400000,346082,,27500,391.8,242.3,39.166539,-7.352722,0.4,,
2025-11-07T06:28:01.400000,440030,,,,,,,233.9,,A3
2025-11-07T06:28:01.400000,06a0ad,QTR343,15800,350.1,257.6,39.062393,-7.974223,0.3,3353,A5
2025-11-07T06:28:01.400000,4bb20d,,,,,,,195.3,,A3
2025-11-07T06:28:01.400000,4cad3b,RYR96SY,35000,453.9,160.6,39.235017,-7.75592,0.0,3347,A3
2025-11-07T06:28:01.400000,346355,VLG2655,33975,401.4,343.1,40.07579,-8.191223,0.2,4613,A3
2025-11-07T06:28:01.400000,34644e,,,,,,,122.7,,A3
2025-11-07T06:29:00.800000,44009e,,39000,447.8,192.0,40.339233,-7.008362,0.5,2360,
2025-11-07T06:29:00.800000,e8046c,TAM8068,37975,506.2,39.1,38.882584,-8.5685,0.0,6204,A5
2025-11-07T06:29:00.800000,495292,TAP1709,16050,338.0,219.7,40.891479,-8.997498,3.0,3351,A3
2025-11-07T06:29:00.800000,4951ce,,11375,336.8,344.1,38.608521,-8.679916,0.3,4402,A3
2025-11-07T06:29:00.800000,346082,AEA63QN,26225,382.0,242.2,39.127016,-7.449402,0.0,2653,A3
2025-11-07T06:29:00.800000,440030,,,,,,,293.2,,A3
2025-11-07T06:29:00.800000,06a0ad,QTR343,14300,347.2,257.5,39.045502,-8.072861,0.9,3353,A5
2025-11-07T06:29:00.800000,4bb20d,,,,,,,254.7,,A3
2025-11-07T06:29:00.800000,4cad3b,RYR96SY,34975,452.0,160.5,39.142611,-7.71405,4.0,3347,A3
2025-11-07T06:29:00.800000,346355,VLG2655,33975,402.4,343.1,40.181657,-8.233379,0.0,4613,A3
2025-11-07T06:29:00.800000,34644e,,,,,,,182.0,,A3
2025-11-07T06:30:00.400000,44009e,EJU39AY,39025,452.1,192.1,40.22081,-7.041321,0.0,2360,A3
2025-11-07T06:30:00.400000,e8046c,TAM8068,38000,502.6,39.1,38.990204,-8.456547,0.5,6204,A5
2025-11-07T06:30:00.400000,495292,,16050,,,40.891479,-8.997498,62.7,3351,A3
2025-11-07T06:30:00.400000,4951ce,,10600,283.6,345.1,38.67746,-8.704516,4.7,4402,A3
2025-11-07T06:30:00.400000,346082,AEA63QN,24100,374.8,242.3,39.080841,-7.561818,9.9,2653,A3
2025-11-07T06:30:00.400000,06a0ad,QTR343,13400,301.9,257.8,39.023438,-8.203623,0.1,3353,A5
2025-11-07T06:30:00.400000,4cad3b,,,,,,,3.7,0730,A3
2025-11-07T06:30:00.400000,346355,VLG2655,34000,404.9,342.9,40.288169,-8.276013,0.0,4613,A3
2025-11-07T06:30:00.400000,34644e,,,,,,,241.7,,A3
2025-11-07T06:31:01,440b1e,,,,,,,12.8,,
2025-11-07T06:31:01,ab7613,AAL120,38000,558.1,110.1,,,0.2,2325,
2025-11-07T06:31:01,aaa6e4,,,,,,,36.1,,
2025-11-07T06:31:01,c06a9b,TSC252,35000,511.1,109.4,38.434598,-8.611694,9.3,3332,A3
2025-11-07T06:31:01,4ca80f,,36825,447.9,24.7,,,46.9,,
2025-11-07T06:31:01,44009e,EJU39AY,39050,454.8,191.9,40.093918,-7.076538,0.5,2360,A3
2025-11-07T06:31:01,e8046c,TAM8068,37975,502.4,39.3,39.099014,-8.342982,0.1,6204,A5
2025-11-07T06:31:01,495292,,,,,,,123.2,,A3
2025-11-07T06:31:01,4951ce,,,283.6,345.1,,,47.5,,A3
2025-11-07T06:31:01,346082,,21450,361.4,244.4,39.024648,-7.700928,0.9,2653,A3
2025-11-07T06:31:01,06a0ad,QTR343,12900,288.7,257.6,39.013367,-8.262316,12.1,3353,A5
2025-11-07T06:31:01,4cad3b,,,,,,,3.7,0730,A3
2025-11-07T06:31:01,346355,VLG2655,34025,412.1,345.0,40.394989,-8.318176,1.6,4613,A3
2025-11-07T06:32:01,39d304,,37000,403.9,219.0,40.501238,-7.007904,0.1,2326,
2025-11-07T06:32:01,440b1e,EJU87AF,15025,395.6,57.6,38.842675,-8.754395,0.0,4401,A3
2025-11-07T06:32:01,ab7613,,37975,558.4,110.2,41.318044,-8.818214,27.5,2325,
2025-11-07T06:32:01,aaa6e4,,40000,,,,,0.5,2364,
2025-11-07T06:32:01,c06a9b,,35050,,,38.383621,-8.429845,0.1,3332,A3
2025-11-07T06:32:01,4ca80f,,,,,,,107.0,,
2025-11-07T06:32:01,44009e,EJU39AY,39025,453.8,192.0,39.969315,-7.11084,0.0,2360,A3
2025-11-07T06:32:01,e8046c,TAM8068,38000,501.7,39.3,39.206635,-8.230133,0.0,6204,A5
2025-11-07T06:32:01,495292,,,,,,,183.3,,A3
2025-11-07T06:32:01,4951ce,,,,,,,107.5,,A3
2025-11-07T06:32:01,346082,AEA63QN,20375,357.4,244.3,39.003342,-7.758019,1.7,2653,A3
2025-11-07T06:32:01,06a0ad,,,,,,,72.2,,A5
2025-11-07T06:32:01,4cad3b,,,,,,,55.4,,A3
2025-11-07T06:32:01,346355,VLG2655,34050,415.3,347.2,40.394989,-8.318176,25.8,4613,A3
2025-11-07T06:33:00.400000,3c674e,,17675,,,39.02111,-8.898804,1.7,5435,
2025-11-07T06:33:00.400000,ab5975,,35000,530.6,98.3,,,28.2,2756,
2025-11-07T06:33:00.400000,39d304,TVF3386,37000,405.9,219.1,40.403915,-7.110535,1.0,2326,A3
2025-11-07T06:33:00.400000,440b1e,EJU87AF,17625,394.8,58.0,38.880615,-8.677229,1.9,4401,A3
2025-11-07T06:33:00.400000,ab7613,AAL120,37975,556.6,110.6,41.218735,-8.463318,0.1,2325,A5
2025-11-07T06:33:00.400000,aaa6e4,AVA182,39975,537.4,82.6,39.574476,-8.945435,0.0,2364,A5
2025-11-07T06:33:00.400000,c06a9b,TSC252,35050,506.7,109.7,38.348557,-8.304612,0.7,3332,A3
2025-11-07T06:33:00.400000,4ca80f,,,,,,,166.4,,
2025-11-07T06:33:00.400000,44009e,EJU39AY,39025,453.8,192.0,39.936373,-7.11989,32.7,2360,A3
2025-11-07T06:33:00.400000,e8046c,TAM8068,38000,501.7,39.3,39.304799,-8.12677,1.6,6204,A5
2025-11-07T06:33:00.400000,495292,,,,,,,242.6,,A3
2025-11-07T06:33:00.400000,4951ce,,,,,,,166.9,,A3
2025-11-07T06:33:00.400000,346082,AEA63QN,17550,347.5,243.9,38.945068,-7.911291,11.4,4467,A3
2025-11-07T06:33:00.400000,06a0ad,QTR343,9925,266.0,269.6,38.992126,-8.455054,10.4,3353,A5
2025-11-07T06:33:00.400000,4cad3b,RYR96SY,32875,416.2,160.8,38.671692,-7.503065,10.8,3347,A3
2025-11-07T06:33:00.400000,346355,,34025,426.2,358.4,40.632065,-8.337646,0.0,4613,A3
2025-11-07T06:34:00.800000,3c674e,DLH03K,19325,409.4,44.7,39.10556,-8.786435,0.3,5435,A3
2025-11-07T06:34:00.800000,ab5975,,35000,,,,,17.3,,
2025-11-07T06:34:00.800000,39d304,TVF3386,37000,409.0,218.7,40.320557,-7.199219,0.5,2326,A3
2025-11-07T06:34:00.800000,440b1e,EJU87AF,19100,418.4,57.8,38.949233,-8.537109,0.4,4401,A3
2025-11-07T06:34:00.800000,ab7613,AAL120,37975,556.6,110.6,41.216793,-8.456601,45.3,,A5
2025-11-07T06:34:00.800000,aaa6e4,AVA182,39975,538.3,82.7,39.593702,-8.752808,0.1,2364,A5
2025-11-07T06:34:00.800000,c06a9b,TSC252,35025,,,,,52.3,,A3
2025-11-07T06:34:00.800000,4ca80f,,,,,,,226.8,,
2025-11-07T06:34:00.800000,44009e,,,,,,,93.2,,A3
2025-11-07T06:34:00.800000,e8046c,TAM8068,38000,502.3,39.4,39.423294,-8.00151,0.0,6204,A5
2025-11-07T06:34:00.800000,4951ce,,,,,,,227.4,,A3
2025-11-07T06:34:00.800000,346082,,16225,302.6,275.9,38.906871,-8.039062,0.0,2653,A3
2025-11-07T06:34:00.800000,06a0ad,QTR343,8900,264.0,269.8,38.991943,-8.583845,0.1,3353,A5
2025-11-07T06:34:00.800000,4cad3b,,31250,,,,,2.1,3347,A3
2025-11-07T06:34:00.800000,346355,VLG2655,34025,422.2,358.4,40.723432,-8.34112,2.5,4613,A3
2025-11-07T06:35:01.200000,4d228f,RYR35EC,31975,454.0,20.2,38.451508,-7.649947,0.2,2273,A3
2025-11-07T06:35:01.200000,3c674e,DLH03K,20825,422.9,44.8,39.187907,-8.681458,0.0,5435,A3
2025-11-07T06:35:01.200000,ab5975,,35000,530.2,98.8,41.734593,-8.302343,9.6,2756,
2025-11-07T06:35:01.200000,39d304,TVF3386,37000,410.4,218.8,40.235285,-7.288867,2.4,2326,A3
2025-11-07T06:35:01.200000,440b1e,EJU87AF,21450,430.7,63.7,39.011194,-8.39563,1.4,4401,A3
2025-11-07T06:35:01.200000,ab7613,,,,,,,105.6,,A5
2025-11-07T06:35:01.200000,aaa6e4,AVA182,40000,535.1,82.9,39.612488,-8.560917,0.1,2364,A5
2025-11-07T06:35:01.200000,c06a9b,,34975,506.5,110.0,,,5.5,,A3
2025-11-07T06:35:01.200000,4ca80f,,,,,,,287.2,,
2025-11-07T06:35:01.200000,44009e,,,,,,,11.1,,A3
2025-11-07T06:35:01.200000,e8046c,TAM8068,37975,503.7,39.4,39.530903,-7.887329,0.0,6204,A5
2025-11-07T06:35:01.200000,4951ce,,,,,,,287.7,,A3
2025-11-07T06:35:01.200000,346082,AEA63QN,14575,294.7,277.8,38.918183,-8.147278,0.5,2653,A3
2025-11-07T06:35:01.200000,06a0ad,QTR343,8450,246.0,269.8,38.991806,-8.631671,11.0,3353,A5
2025-11-07T06:35:01.200000,4cad3b,,,,,,,56.7,,A3
2025-11-07T06:35:01.200000,346355,,,,,,,14.2,,A3
2025-11-07T06:36:01.600000,4caecb,,27975,,,,,2.6,,
2025-11-07T06:36:01.600000,4d228f,RYR35EC,32850,453.2,19.6,38.525003,-7.616272,19.1,2273,A3
2025-11-07T06:36:01.600000,3c674e,DLH03K,22175,439.1,44.9,39.273468,-8.571963,0.1,5435,A3
2025-11-07T06:36:01.600000,ab5975,,,,,,,70.0,,
2025-11-07T06:36:01.600000,39d304,TVF3386,37000,413.2,218.8,40.13557,-7.393861,0.2,2326,A3
2025-11-07T06:36:01.600000,440b1e,EJU87AF,23600,445.5,62.2,39.075343,-8.235352,0.0,4401,A3
2025-11-07T06:36:01.600000,ab7613,,,,,,,166.0,,A5
2025-11-07T06:36:01.600000,aaa6e4,AVA182,40000,531.0,83.0,39.630844,-8.369433,0.3,2364,A5
2025-11-07T06:36:01.600000,c06a9b,,34975,,,,,65.9,,A3
2025-11-07T06:36:01.600000,44009e,EJU39AY,39025,447.6,191.9,39.479603,-7.244629,0.0,2360,A3
2025-11-07T06:36:01.600000,e8046c,TAM8068,38000,503.6,39.6,39.637848,-7.773305,0.0,6204,A5
2025-11-07T06:36:01.600000,346082,,14300,294.7,277.8,38.919983,-8.163917,39.6,,A3
2025-11-07T06:36:01.600000,06a0ad,QTR343,7225,233.0,269.8,38.991531,-8.766135,0.0,3353,A5
2025-11-07T06:36:01.600000,4cad3b,RYR96SY,,,,,,7.3,,A3
2025-11-07T06:36:01.600000,346355,,,,,,,74.6,,A3
2025-11-07T06:37:01.300000,4caecb,,27975,,,,,53.1,,
2025-11-07T06:37:01.300000,4d228f,,34325,461.1,19.4,,,0.3,6357,A3
2025-11-07T06:37:01.300000,3c674e,DLH03K,23475,441.2,45.0,39.343577,-8.482056,10.3,5435,A3
2025-11-07T06:37:01.300000,ab5975,,,,,,,129.8,,
2025-11-07T06:37:01.300000,39d304,TVF3386,37000,414.5,219.0,40.04633,-7.487432,0.0,2326,A3
2025-11-07T06:37:01.300000,440b1e,EJU87AF,26550,420.9,62.4,39.131104,-8.098715,0.2,4401,A3
2025-11-07T06:37:01.300000,ab7613,,,,,,,225.8,,A5
2025-11-07T06:37:01.300000,aaa6e4,AVA182,39975,530.8,83.2,39.647982,-8.188232,0.5,2364,A5
2025-11-07T06:37:01.300000,c06a9b,,,,,,,125.6,,A3
2025-11-07T06:37:01.300000,44009e,EJU39AY,39000,445.4,191.8,39.361267,-7.276611,0.0,2360,A3
2025-11-07T06:37:01.300000,e8046c,TAM8068,38000,503.6,39.6,39.668335,-7.740704,23.5,6204,A5
2025-11-07T06:37:01.300000,346082,,,,,,,99.4,,A3
2025-11-07T06:37:01.300000,06a0ad,QTR343,7000,230.0,269.8,38.99141,-8.787415,34.5,3353,A5
2025-11-07T06:37:01.300000,4cad3b,RYR96SY,,,,,,52.9,,A3
2025-11-07T06:37:01.300000,346355,,,,,,,134.3,,A3
2025-11-07T06:38:01.700000,34604e,,41000,538.0,103.1,41.072617,-8.892334,0.5,3136,
2025-11-07T06:38:01.700000,aa57df,,37000,558.9,98.3,,,0.6,,
2025-11-07T06:38:01.700000,346088,,37050,418.7,220.2,,,0.6,2607,
2025-11-07T06:38:01.700000,440611,,21625,409.5,43.9,39.042526,-8.841666,1.7,2053,
2025-11-07T06:38:01.700000,4caecb,,,,,,,113.4,,
2025-11-07T06:38:01.700000,4d228f,RYR35EC,35525,464.7,27.0,38.794773,-7.48468,3.7,2273,A3
2025-11-07T06:38:01.700000,3c674e,DLH03K,25100,449.7,45.0,39.447647,-8.348236,0.2,5435,A3
2025-11-07T06:38:01.700000,ab5975,,,,,,,190.1,,
2025-11-07T06:38:01.700000,39d304,TVF3386,37000,418.4,218.6,39.956543,-7.580994,0.1,2326,A3
2025-11-07T06:38:01.700000,440b1e,EJU87AF,27500,445.9,62.6,39.181715,-7.97406,2.2,4401,A3
2025-11-07T06:38:01.700000,ab7613,,,,,,,286.1,,A5
2025-11-07T06:38:01.700000,aaa6e4,AVA182,40000,531.6,83.3,39.666464,-7.990723,0.0,2364,A5
2025-11-07T06:38:01.700000,c06a9b,,,,,,,186.0,,A3
2025-11-07T06:38:01.700000,44009e,,38975,446.6,191.9,39.251124,-7.306335,1.9,2360,A3
2025-11-07T06:38:01.700000,e8046c,,,,,,,83.8,,A5
2025-11-07T06:38:01.700000,346082,AEA63QN,11300,235.2,277.8,38.947464,-8.42395,1.1,2653,A3
2025-11-07T06:38:01.700000,06a0ad,,,,,,,94.8,,A5
2025-11-07T06:38:01.700000,4cad3b,,,,,,,113.2,,A3
2025-11-07T06:38:01.700000,346355,,,,,,,194.7,,A3
2025-11-07T06:39:01.500000,4cafc1,RYR6051,10100,260.8,244.8,41.116974,-8.91394,11.4,4410,A3
2025-11-07T06:39:01.500000,34604e,IBE0342,41000,542.4,103.2,41.047852,-8.75238,3.4,3136,A5
2025-11-07T06:39:01.500000,aa57df,,37000,559.0,98.4,41.795577,-8.844505,44.6,,
2025-11-07T06:39:01.500000,346088,VLG17UP,37025,406.7,220.1,40.512131,-5.833191,0.8,2607,A3
2025-11-07T06:39:01.500000,440611,EJU97BG,23875,415.1,44.3,39.120592,-8.743652,2.3,2053,A3
2025-11-07T06:39:01.500000,4caecb,,31500,448.1,25.9,38.560475,-7.81189,0.4,5441,
2025-11-07T06:39:01.500000,4d228f,,36700,458.9,27.0,38.889507,-7.423218,13.3,2273,A3
2025-11-07T06:39:01.500000,3c674e,DLH03K,26200,460.3,45.1,39.536909,-8.23291,0.3,5435,A3
2025-11-07T06:39:01.500000,ab5975,,,,,,,249.9,,
2025-11-07T06:39:01.500000,39d304,TVF3386,37000,416.2,218.7,39.881287,-7.659202,0.8,2326,A3
2025-11-07T06:39:01.500000,440b1e,EJU87AF,29225,453.5,62.7,39.244537,-7.818146,0.0,4401,A3
2025-11-07T06:39:01.500000,aaa6e4,AVA182,40000,531.5,83.4,39.683304,-7.805965,0.8,2364,A5
2025-11-07T06:39:01.500000,c06a9b,,,,,,,245.8,,A3
2025-11-07T06:39:01.500000,44009e,EJU39AY,39000,447.6,191.9,39.118171,-7.342285,0.1,2360,A3
2025-11-07T06:39:01.500000,e8046c,TAM8068,38000,502.0,39.7,39.958282,-7.428833,0.1,6204,A5
2025-11-07T06:39:01.500000,346082,AEA63QN,11200,233.1,277.6,38.948069,-8.429504,41.0,2653,A3
2025-11-07T06:39:01.500000,06a0ad,,,,,,,154.7,,A5
2025-11-07T06:39:01.500000,4cad3b,,,,,,,173.0,,A3
2025-11-07T06:39:01.500000,346355,,33925,,,,,48.3,,A3
2025-11-07T06:40:01.500000,48c1a7,RYR42LV,17725,380.2,56.5,38.840881,-8.714666,0.1,5436,A3
2025-11-07T06:40:01.500000,4cafc1,,10825,,,,,40.9,,A3
2025-11-07T06:40:01.500000,34604e,IBE0342,41025,535.3,103.3,41.004421,-8.509411,0.3,3136,A5
2025-11-07T06:40:01.500000,aa57df,,,,,,,104.6,,
2025-11-07T06:40:01.500000,346088,VLG17UP,37000,406.8,219.9,40.412659,-5.942627,0.5,2607,A3
2025-11-07T06:40:01.500000,440611,EJU97BG,25625,427.1,44.6,39.202384,-8.640503,1.9,2053,A3
2025-11-07T06:40:01.500000,4caecb,RYR36EJ,32025,450.8,26.1,38.61443,-7.77832,9.8,5441,A3
2025-11-07T06:40:01.500000,4d228f,RYR35EC,37575,463.3,26.7,39.037491,-7.327702,0.0,2273,A3
2025-11-07T06:40:01.500000,3c674e,DLH03K,27200,470.2,45.3,39.628803,-8.113708,0.1,5435,A3
2025-11-07T06:40:01.500000,39d304,,37000,,,,,43.6,2326,A3
2025-11-07T06:40:01.500000,440b1e,EJU87AF,30275,469.2,62.7,39.300982,-7.677856,0.2,4401,A3
2025-11-07T06:40:01.500000,aaa6e4,,40000,531.5,83.4,39.683304,-7.805965,15.1,2364,A5
2025-11-07T06:40:01.500000,c06a9b,,35000,,,,,2.6,,A3
2025-11-07T06:40:01.500000,44009e,EJU39AY,39025,447.2,191.6,38.99556,-7.37523,0.0,2360,A3
2025-11-07T06:40:01.500000,e8046c,,38000,501.3,39.8,40.048564,-7.331064,0.3,6204,A5
2025-11-07T06:40:01.500000,346082,AEA63QN,8075,234.1,271.2,38.961868,-8.589876,0.2,2653,A3
2025-11-07T06:40:01.500000,06a0ad,,,,,,,214.7,,A5
2025-11-07T06:40:01.500000,4cad3b,,,,,,,233.0,,A3
2025-11-07T06:40:01.500000,346355,,32350,,,,,5.8,,A3
2025-11-07T06:41:01.300000,48c1a7,RYR42LV,20150,408.1,60.2,38.907429,-8.578186,0.1,5436,A3
2025-11-07T06:41:01.300000,4cafc1,,,,,,,100.7,,A3
2025-11-07T06:41:01.300000,34604e,IBE0342,41025,535.3,103.3,41.003258,-8.503043,38.2,3136,A5
2025-11-07T06:41:01.300000,aa57df,,,,,,,164.4,,
2025-11-07T06:41:01.300000,346088,VLG17UP,37025,409.6,219.9,40.362305,-5.997925,1.8,2607,A3
2025-11-07T06:41:01.300000,440611,EJU97BG,27325,439.1,44.5,39.295954,-8.521973,0.0,2053,A3
2025-11-07T06:41:01.300000,4caecb,,33075,471.0,25.3,,,0.1,5441,A3
2025-11-07T06:41:01.300000,4d228f,RYR35EC,38025,457.1,26.8,39.133953,-7.26532,0.5,2273,A3
2025-11-07T06:41:01.300000,3c674e,DLH03K,28150,472.3,45.2,39.701981,-8.018348,2.6,5435,A3
2025-11-07T06:41:01.300000,39d304,TVF3386,37000,408.4,218.6,39.693878,-7.853135,0.0,2326,A3
2025-11-07T06:41:01.300000,440b1e,EJU87AF,31175,477.6,62.8,39.309311,-7.657232,8.0,4401,A3
2025-11-07T06:41:01.300000,aaa6e4,,,,,,,74.9,,A5
2025-11-07T06:41:01.300000,c06a9b,,,,,,,62.4,,A3
2025-11-07T06:41:01.300000,44009e,EJU39AY,39050,447.4,191.7,38.889816,-7.403591,1.6,2360,A3
2025-11-07T06:41:01.300000,e8046c,,38000,,,40.134639,-7.237681,3.1,,A5
2025-11-07T06:41:01.300000,346082,,8075,234.1,271.2,38.961868,-8.589876,56.3,2653,A3
2025-11-07T06:41:01.300000,06a0ad,,,,,,,274.5,,A5
2025-11-07T06:41:01.300000,4cad3b,,,,,,,292.8,,A3
2025-11-07T06:41:01.300000,346355,,,,,,,65.6,,A3
2025-11-07T06:42:01,495290,TAP452,10875,320.2,13.7,41.420197,-8.773519,4.5,2272,A3
2025-11-07T06:42:01,48c1a7,RYR42LV,20925,419.7,60.1,38.931124,-8.525208,33.0,5436,A3
2025-11-07T06:42:01,4cafc1,,,,,,,160.4,,A3
2025-11-07T06:42:01,34604e,,,,,,,11.1,,A5
2025-11-07T06:42:01,aa57df,,,,,,,224.1,,
2025-11-07T06:42:01,346088,VLG17UP,37025,412.5,219.8,40.261459,-6.108154,2.8,2607,A3
2025-11-07T06:42:01,440611,EJU97BG,28650,451.1,44.6,39.383606,-8.410333,0.0,2053,A3
2025-11-07T06:42:01,4caecb,RYR36EJ,33800,477.2,25.7,38.889786,-7.610657,4.3,5441,A3
2025-11-07T06:42:01,4d228f,,38000,458.4,26.8,39.237259,-7.198493,1.5,2273,A3
2025-11-07T06:42:01,3c674e,,,472.3,45.2,,,62.4,,A3
2025-11-07T06:42:01,39d304,TVF3386,37000,403.6,218.5,39.599382,-7.950562,0.1,2326,A3
2025-11-07T06:42:01,440b1e,,32375,,,39.403676,-7.4198,13.3,4401,A3
2025-11-07T06:42:01,aaa6e4,,,,,,,134.6,,A5
2025-11-07T06:42:01,c06a9b,,,,,,,122.1,,A3
2025-11-07T06:42:01,44009e,EJU39AY,39025,439.9,191.5,38.762605,-7.437195,3.3,2360,A3
2025-11-07T06:42:01,e8046c,,38000,,,,,22.3,6204,A5
2025-11-07T06:42:01,346082,,,,,,,116.1,,A3
2025-11-07T06:42:01,346355,,30700,,,,,32.4,4613,A3
2025-11-07T06:43:01.800000,495290,,,331.6,13.8,,,53.3,,A3
2025-11-07T06:43:01.800000,48c1a7,RYR42LV,22700,434.5,60.2,38.98303,-8.409302,26.7,5436,A3
2025-11-07T06:43:01.800000,4cafc1,,,,,,,221.2,,A3
2025-11-07T06:43:01.800000,34604e,,,,,,,71.8,,A5
2025-11-07T06:43:01.800000,aa57df,,,,,,,284.9,,
2025-11-07T06:43:01.800000,346088,VLG17UP,37025,411.0,220.0,40.175931,-6.201158,7.6,2607,A3
2025-11-07T06:43:01.800000,440611,EJU97BG,29900,458.9,44.7,39.475479,-8.293245,0.1,2053,A3
2025-11-07T06:43:01.800000,4caecb,,4400,475.8,26.2,,,1.8,5441,A3
2025-11-07T06:43:01.800000,4d228f,RYR35EC,38000,455.7,27.0,39.366806,-7.113767,6.3,2273,A3
2025-11-07T06:43:01.800000,3c674e,DLH03K,30375,480.1,45.4,39.906068,-7.750977,0.1,5435,A3
2025-11-07T06:43:01.800000,39d304,TVF3386,37000,404.2,218.6,39.510223,-8.041992,0.0,2326,A3
2025-11-07T06:43:01.800000,440b1e,EJU87AF,33925,481.7,63.0,,,0.4,4401,A3
2025-11-07T06:43:01.800000,aaa6e4,,,,,,,195.4,,A5
2025-11-07T06:43:01.800000,c06a9b,,,,,,,182.8,,A3
2025-11-07T06:43:01.800000,44009e,EJU39AY,38975,435.0,191.7,38.641849,-7.46875,1.7,2360,A3
2025-11-07T06:43:01.800000,e8046c,,,,,,,83.1,,A5
2025-11-07T06:43:01.800000,346082,,,,,,,27.3,,A3
2025-11-07T06:43:01.800000,346355,,,,,,,55.4,,A3
2025-11-07T06:44:00.700000,347647,,37000,404.6,241.3,,,0.2,2676,
2025-11-07T06:44:00.700000,440ccc,,16950,,,,,1.7,,
2025-11-07T06:44:00.700000,495290,,,,,,,112.2,,A3
2025-11-07T06:44:00.700000,48c1a7,RYR42LV,25825,449.3,60.2,39.081209,-8.190186,6.7,5436,A3
2025-11-07T06:44:00.700000,4cafc1,,,,,,,280.1,,A3
2025-11-07T06:44:00.700000,34604e,,,,,,,130.7,,A5
2025-11-07T06:44:00.700000,346088,,36975,,,,,7.9,2607,A3
2025-11-07T06:44:00.700000,440611,EJU97BG,30925,469.5,44.8,39.565352,-8.178101,0.1,2053,A3
2025-11-07T06:44:00.700000,4caecb,RYR36EJ,36550,464.7,26.2,39.143589,-7.445679,0.1,5441,A3
2025-11-07T06:44:00.700000,4d228f,RYR35EC,38000,452.1,26.7,39.482815,-7.037903,0.4,2273,A3
2025-11-07T06:44:00.700000,3c674e,DLH03K,31425,478.7,45.4,39.99939,-7.62793,0.0,5435,A3
2025-11-07T06:44:00.700000,39d304,TVF3386,37000,404.5,218.2,39.423601,-8.130493,0.1,2326,A3
2025-11-07T06:44:00.700000,440b1e,EJU87AF,34025,477.2,63.0,39.519196,-7.128097,6.1,4401,A3
2025-11-07T06:44:00.700000,aaa6e4,,,,,,,254.3,,A5
2025-11-07T06:44:00.700000,c06a9b,,,,,,,241.7,,A3
2025-11-07T06:44:00.700000,44009e,EJU39AY,38975,435.0,191.7,38.632026,-7.471313,51.9,,A3
2025-11-07T06:44:00.700000,e8046c,,,,,,,142.0,,A5
2025-11-07T06:44:00.700000,346082,AEA63QN,6125,233.8,235.6,39.075806,-8.802855,0.5,2653,A3
2025-11-07T06:44:00.700000,346355,,,,,,,114.3,,A3
2025-11-07T06:45:00.300000,347647,,37000,404.6,241.3,,,37.1,2676,
2025-11-07T06:45:00.300000,440ccc,EJU41EM,19550,392.0,38.3,,,0.2,2021,
2025-11-07T06:45:00.300000,495290,,,,,,,171.8,,A3
2025-11-07T06:45:00.300000,48c1a7,RYR42LV,27575,459.5,60.3,39.147639,-8.041016,0.6,5436,A3
2025-11-07T06:45:00.300000,34604e,,,,,,,190.3,,A5
2025-11-07T06:45:00.300000,346088,,36975,,,,,24.0,6032,A3
2025-11-07T06:45:00.300000,440611,EJU97BG,31825,478.7,44.9,39.657898,-8.058949,0.1,2053,A3
2025-11-07T06:45:00.300000,4caecb,RYR36EJ,37100,461.1,27.0,39.207047,-7.405442,5.2,5441,A3
2025-11-07T06:45:00.300000,4d228f,RYR35EC,38000,451.7,27.1,39.503624,-7.024353,21.5,2273,A3
2025-11-07T06:45:00.300000,3c674e,DLH03K,32475,476.6,45.5,40.091446,-7.506104,0.1,5435,A3
2025-11-07T06:45:00.300000,39d304,TVF3386,37000,405.9,218.2,39.338596,-8.217041,0.8,2326,A3
2025-11-07T06:45:00.300000,440b1e,,,,,,,65.7,,A3
2025-11-07T06:45:00.300000,44009e,,,,,,,111.5,,A3
2025-11-07T06:45:00.300000,e8046c,,,,,,,201.6,,A5
2025-11-07T06:45:00.300000,346082,AEA63QN,5975,233.8,235.6,39.069122,-8.81623,40.1,2653,A3
2025-11-07T06:45:00.300000,346355,,,,,,,173.9,,A3
2025-11-07T06:46:01.200000,c06a88,,9075,286.2,117.0,39.152108,-9.391724,31.2,3335,
2025-11-07T06:46:01.200000,347647,,,,,,,2.7,,
2025-11-07T06:46:01.200000,440ccc,EJU41EM,21250,416.0,42.5,,,0.1,2021,
2025-11-07T06:46:01.200000,495290,,,,,,,232.7,,A3
2025-11-07T06:46:01.200000,48c1a7,RYR42LV,28075,470.2,60.4,39.172714,-7.984493,3.1,5436,A3
2025-11-07T06:46:01.200000,34604e,,,,,,,251.2,,A5
2025-11-07T06:46:01.200000,346088,,,,,,,84.9,,A3
2025-11-07T06:46:01.200000,440611,EJU97BG,32650,486.5,45.0,39.754121,-7.934753,0.1,2053,A3
2025-11-07T06:46:01.200000,4caecb,RYR36EJ,38000,460.1,30.9,39.367447,-7.297609,0.7,5441,A3
2025-11-07T06:46:01.200000,4d228f,,,,,,,82.4,,A3
2025-11-07T06:46:01.200000,3c674e,DLH03K,33350,478.7,45.6,40.184683,-7.382126,0.1,5435,A3
2025-11-07T06:46:01.200000,39d304,TVF3386,37000,404.3,218.4,39.251916,-8.304932,0.2,2326,A3
2025-11-07T06:46:01.200000,440b1e,,,,,,,126.7,,A3
2025-11-07T06:46:01.200000,44009e,,,,,,,172.5,,A3
2025-11-07T06:46:01.200000,e8046c,,,,,,,262.5,,A5
2025-11-07T06:46:01.200000,346082,,,,,,,101.1,,A3
2025-11-07T06:46:01.200000,346355,,,,,,,234.8,,A3
2025-11-07T06:47:01.100000,440614,,,,,,,7.0,,
2025-11-07T06:47:01.100000,4cafc4,,,,,,,16.0,,
2025-11-07T06:47:01.100000,495039,TAP1327,35000,403.5,201.7,40.887529,-8.550422,0.3,2204,A3
2025-11-07T06:47:01.100000,c06a88,,,,,,,91.1,,
2025-11-07T06:47:01.100000,347647,IBB5WU,37000,419.2,215.1,39.053371,-7.374329,0.0,2676,A3
2025-11-07T06:47:01.100000,440ccc,EJU41EM,23050,428.0,42.0,,,0.4,2021,
2025-11-07T06:47:01.100000,495290,,,,,,,292.6,,A3
2025-11-07T06:47:01.100000,48c1a7,RYR42LV,30200,480.5,60.4,39.28038,-7.740585,0.1,5436,A3
2025-11-07T06:47:01.100000,346088,,,,,,,144.8,,A3
2025-11-07T06:47:01.100000,440611,EJU97BG,33750,486.5,45.0,39.849152,-7.811458,0.1,2053,A3
2025-11-07T06:47:01.100000,4caecb,RYR36EJ,38000,463.3,32.2,39.474838,-7.211569,0.3,5441,A3
2025-11-07T06:47:01.100000,4d228f,,,,,,,142.3,,A3
2025-11-07T06:47:01.100000,3c674e,DLH03K,34075,482.3,45.7,40.275181,-7.261401,0.2,5435,A3
2025-11-07T06:47:01.100000,39d304,TVF3386,37000,405.3,218.1,39.162918,-8.395047,0.0,2326,A3
2025-11-07T06:47:01.100000,440b1e,,,,,,,186.6,,A3
2025-11-07T06:47:01.100000,44009e,,,,,,,232.4,,A3
2025-11-07T06:47:01.100000,346082,,,,,,,161.0,,A3
2025-11-07T06:47:01.100000,346355,,,,,,,294.7,,A3
2025-11-07T06:48:01.100000,440614,EJU42BH,23250,415.8,45.6,39.159044,-8.780151,0.1,2271,A3
2025-11-07T06:48:01.100000,4cafc4,,26775,422.3,355.5,,,1.2,5445,
2025-11-07T06:48:01.100000,495039,TAP1327,35000,401.3,201.6,40.752667,-8.620959,0.4,2204,A3
2025-11-07T06:48:01.100000,c06a88,,,,,,,151.0,,
2025-11-07T06:48:01.100000,347647,IBB5WU,37000,415.0,215.0,39.013568,-7.410278,31.8,2676,A3
2025-11-07T06:48:01.100000,440ccc,EJU41EM,24675,438.0,42.0,,,0.0,2021,
2025-11-07T06:48:01.100000,48c1a7,RYR42LV,31450,482.7,60.5,39.344147,-7.595493,2.3,5436,A3
2025-11-07T06:48:01.100000,346088,,,,,,,204.7,,A3
2025-11-07T06:48:01.100000,440611,EJU97BG,34700,486.5,45.2,39.944334,-7.687309,0.0,2053,A3
2025-11-07T06:48:01.100000,4caecb,RYR36EJ,38000,464.4,32.4,39.562606,-7.139771,6.9,5441,A3
2025-11-07T06:48:01.100000,4d228f,,,,,,,202.2,,A3
2025-11-07T06:48:01.100000,3c674e,DLH03K,34650,487.2,45.7,40.369589,-7.134871,0.0,5435,A3
2025-11-07T06:48:01.100000,39d304,TVF3386,37000,405.9,218.2,39.071091,-8.487536,0.2,2326,A3
2025-11-07T06:48:01.100000,440b1e,,,,,,,246.5,,A3
2025-11-07T06:48:01.100000,44009e,,,,,,,292.3,,A3
2025-11-07T06:48:01.100000,346082,,,,,,,220.9,,A3
2025-11-07T06:49:01.500000,48c2ab,RYR35BW,8675,313.9,116.5,41.039612,-8.532104,0.3,4407,A3
2025-11-07T06:49:01.500000,440614,EJU42BH,25075,426.4,45.5,39.241721,-8.672119,0.1,2271,A3
2025-11-07T06:49:01.500000,4cafc4,RYR2MR,28250,433.3,355.5,38.193237,-8.220169,0.2,5445,A3
2025-11-07T06:49:01.500000,495039,TAP1327,35000,405.7,201.7,40.658911,-8.669836,0.2,2204,A3
2025-11-07T06:49:01.500000,c06a88,,,,,,,211.4,,
2025-11-07T06:49:01.500000,347647,,,,,,,10.0,,A3
2025-11-07T06:49:01.500000,440ccc,EJU41EM,26250,448.0,42.0,,,0.1,2021,
2025-11-07T06:49:01.500000,48c1a7,,32575,492.4,60.8,39.408325,-7.448313,0.4,5436,A3
2025-11-07T06:49:01.500000,346088,,,,,,,265.1,,A3
2025-11-07T06:49:01.500000,440611,EJU97BG,35375,490.7,45.2,40.040268,-7.561829,0.1,2053,A3
2025-11-07T06:49:01.500000,4caecb,,,,,,,67.3,,A3
2025-11-07T06:49:01.500000,4d228f,,,,,,,262.6,,A3
2025-11-07T06:49:01.500000,3c674e,,35075,490.8,45.8,40.445841,-7.032311,5.2,5435,A3
2025-11-07T06:49:01.500000,39d304,TVF3386,37000,408.9,218.0,38.981587,-8.577698,0.3,2326,A3
2025-11-07T06:49:01.500000,346082,,,,,,,281.3,,A3
2025-11-07T06:50:01.100000,346088,,,,,,,0.6,,
2025-11-07T06:50:01.100000,48c2ab,RYR35BW,9000,318.4,116.9,41.034485,-8.518677,37.3,4407,A3
2025-11-07T06:50:01.100000,440614,EJU42BH,26625,435.6,45.6,39.325049,-8.562683,0.2,2271,A3
2025-11-07T06:50:01.100000,4cafc4,RYR2MR,28950,435.3,355.7,38.217224,-8.222565,3.3,5445,A3
2025-11-07T06:50:01.100000,495039,TAP1327,35000,407.2,201.5,40.550858,-8.725891,1.8,2204,A3
2025-11-07T06:50:01.100000,c06a88,,,,,,,271.0,,
2025-11-07T06:50:01.100000,347647,IBB5WU,37000,403.4,215.1,38.780528,-7.619751,0.1,2676,A3
2025-11-07T06:50:01.100000,440ccc,EJU41EM,27625,456.0,42.2,,,0.0,2021,
2025-11-07T06:50:01.100000,48c1a7,,32575,492.4,60.8,39.408325,-7.448313,50.1,5436,A3
2025-11-07T06:50:01.100000,440611,EJU97BG,35975,491.4,45.2,40.082199,-7.506897,15.9,2053,A3
2025-11-07T06:50:01.100000,4caecb,,,,,,,126.9,,A3
2025-11-07T06:50:01.100000,3c674e,DLH03K,35975,483.0,45.9,40.537409,-6.90859,1.7,5435,A3
2025-11-07T06:50:01.100000,39d304,TVF3386,37000,409.5,218.2,38.92955,-8.63,25.3,2326,A3
2025-11-07T06:51:00.700000,4401f7,,,,,,,15.1,,
2025-11-07T06:51:00.700000,346088,VLG17UP,37000,422.2,219.2,39.443893,-6.986528,2.7,2607,A3
2025-11-07T06:51:00.700000,48c2ab,,,,,,,97.0,,A3
2025-11-07T06:51:00.700000,440614,EJU42BH,27950,445.5,45.7,39.410477,-8.450218,0.0,2271,A3
2025-11-07T06:51:00.700000,4cafc4,,,,,,,48.6,,A3
2025-11-07T06:51:00.700000,495039,TAP1327,35000,404.4,201.6,40.440445,-8.78302,0.3,2204,A3
2025-11-07T06:51:00.700000,347647,IBB5WU,37000,405.0,214.9,38.766769,-7.632035,42.9,2676,A3
2025-11-07T06:51:00.700000,440ccc,EJU41EM,28925,462.0,42.2,,,0.0,2021,
2025-11-07T06:51:00.700000,48c1a7,,34825,492.0,60.9,39.529175,-7.169296,2.1,5436,A3
2025-11-07T06:51:00.700000,440611,EJU97BG,35975,500.6,45.3,40.179004,-7.379504,0.1,2053,A3
2025-11-07T06:51:00.700000,4caecb,,,,,,,186.6,,A3
2025-11-07T06:51:00.700000,3c674e,,36000,,,40.62085,-6.795288,20.8,5435,A3
2025-11-07T06:51:00.700000,39d304,TVF3386,37000,410.5,217.9,38.803339,-8.756104,0.0,2326,A3
2025-11-07T06:52:01.200000,3c65cc,,7375,293.7,150.6,,,0.5,,
2025-11-07T06:52:01.200000,4401f7,,,,,,,75.6,,
2025-11-07T06:52:01.200000,346088,,37000,,,39.443893,-6.986528,1.5,,A3
2025-11-07T06:52:01.200000,48c2ab,,,,,,,157.4,,A3
2025-11-07T06:52:01.200000,440614,EJU42BH,29000,457.6,46.0,39.499191,-8.332652,0.0,2271,A3
2025-11-07T06:52:01.200000,4cafc4,,,,,,,109.1,,A3
2025-11-07T06:52:01.200000,495039,TAP1327,35000,403.1,201.5,40.334767,-8.837502,0.1,2204,A3
2025-11-07T06:52:01.200000,347647,,,413.6,215.0,,,5.5,,A3
2025-11-07T06:52:01.200000,440ccc,EJU41EM,30075,472.0,42.4,,,0.0,2021,
2025-11-07T06:52:01.200000,48c1a7,,,,,,,62.5,5436,A3
2025-11-07T06:52:01.200000,440611,,36000,499.9,45.4,,,0.0,2053,A3
2025-11-07T06:52:01.200000,4caecb,,,,,,,247.0,,A3
2025-11-07T06:52:01.200000,3c674e,,36000,,,,,7.7,3454,A3
2025-11-07T06:52:01.200000,39d304,TVF3386,37000,410.5,217.9,38.79063,-8.768738,21.3,2326,A3
2025-11-07T06:53:01,440da5,,,,,,,30.7,,
2025-11-07T06:53:01,34604e,,,,,,,6.5,3136,
2025-11-07T06:53:01,3c65cc,DLH96N,10975,292.0,152.9,41.003265,-8.515381,1.5,5444,A3
2025-11-07T06:53:01,4401f7,,,,,,,135.4,,
2025-11-07T06:53:01,346088,VLG17UP,37000,423.5,218.4,39.259003,-7.181237,3.0,2607,A3
2025-11-07T06:53:01,48c2ab,,,,,,,217.3,,A3
2025-11-07T06:53:01,440614,EJU42BH,30075,465.3,45.7,39.587464,-8.215515,0.1,2271,A3
2025-11-07T06:53:01,4cafc4,,,,,,,168.9,,A3
2025-11-07T06:53:01,495039,TAP1327,32600,403.1,201.5,40.230331,-8.891174,0.1,2204,A3
2025-11-07T06:53:01,347647,,,,,,,47.7,,A3
2025-11-07T06:53:01,440ccc,EJU41EM,31300,468.0,42.4,,,2.1,2021,
2025-11-07T06:53:01,48c1a7,,,,,,,122.4,,A3
2025-11-07T06:53:01,440611,,36000,497.8,45.5,40.353621,-7.148105,11.3,2053,A3
2025-11-07T06:53:01,4caecb,,,,,,,56.9,,A3
2025-11-07T06:53:01,3c674e,,36000,,,,,67.5,,A3
2025-11-07T06:53:01,39d304,,,,,,,47.7,,A3
2025-11-07T06:54:00.900000,ab236a,,,,,,,4.1,,
2025-11-07T06:54:00.900000,440da5,EJU45PQ,16300,376.9,56.1,38.812866,-8.760104,0.3,4406,A3
2025-11-07T06:54:00.900000,34604e,IBE0342,35250,545.5,97.4,40.542023,-5.877563,6.8,3136,A5
2025-11-07T06:54:00.900000,3c65cc,DLH96N,10975,,,41.003265,-8.515381,44.2,5444,A3
2025-11-07T06:54:00.900000,4401f7,,,,,,,195.3,,
2025-11-07T06:54:00.900000,346088,VLG17UP,37000,423.5,218.4,39.15248,-7.269226,1.6,,A3
2025-11-07T06:54:00.900000,48c2ab,,,,,,,277.1,,A3
2025-11-07T06:54:00.900000,440614,EJU42BH,31050,471.0,45.9,39.677261,-8.095968,0.1,2271,A3
2025-11-07T06:54:00.900000,4cafc4,RYR2MR,35000,438.3,355.6,38.802292,-8.280348,0.0,5445,A3
2025-11-07T06:54:00.900000,495039,TAP1327,29925,412.6,201.5,40.13017,-8.942497,0.0,2204,A3
2025-11-07T06:54:00.900000,347647,,,,,,,107.6,,A3
2025-11-07T06:54:00.900000,440ccc,,31575,,,,,27.7,,
2025-11-07T06:54:00.900000,48c1a7,,,,,,,182.2,,A3
2025-11-07T06:54:00.900000,440611,,35975,,,,,11.4,2053,A3
2025-11-07T06:54:00.900000,4caecb,,,,,,,116.8,,A3
2025-11-07T06:54:00.900000,3c674e,,,,,,,127.4,,A3
2025-11-07T06:54:00.900000,39d304,,,,,,,107.5,,A3
2025-11-07T06:55:01.800000,3c6669,DLH24W,9425,260.0,327.7,41.148035,-8.880449,4.0,5434,A3
2025-11-07T06:55:01.800000,ab236a,,33975,511.5,98.4,,,39.2,3336,
2025-11-07T06:55:01.800000,440da5,EJU45PQ,18000,392.2,56.2,38.861298,-8.667616,9.5,4406,A3
2025-11-07T06:55:01.800000,34604e,,34450,539.8,106.4,40.532272,-5.807678,37.5,3136,A5
2025-11-07T06:55:01.800000,3c65cc,,,,,,,105.1,,A3
2025-11-07T06:55:01.800000,4401f7,,,,,,,256.2,,
2025-11-07T06:55:01.800000,346088,VLG17UP,37025,428.2,208.3,39.040615,-7.346802,0.0,2607,A3
2025-11-07T06:55:01.800000,440614,EJU42BH,31750,478.8,45.9,39.759842,-7.985807,0.4,2271,A3
2025-11-07T06:55:01.800000,4cafc4,RYR2MR,35975,433.4,355.4,38.895081,-8.289782,1.7,5445,A3
2025-11-07T06:55:01.800000,495039,TAP1327,28175,401.9,201.5,40.052216,-8.9823,7.3,2204,A3
2025-11-07T06:55:01.800000,347647,,,,,,,168.5,,A3
2025-11-07T06:55:01.800000,440ccc,EJU41EM,33800,470.0,42.5,,,0.1,2021,
2025-11-07T06:55:01.800000,48c1a7,,,,,,,243.1,,A3
2025-11-07T06:55:01.800000,440611,,,,,,,72.3,,A3
2025-11-07T06:55:01.800000,4caecb,,38000,449.1,25.6,,,17.8,5441,A3
2025-11-07T06:55:01.800000,3c674e,,,,,,,188.3,,A3
2025-11-07T06:55:01.800000,39d304,,,,,,,168.4,,A3
2025-11-07T06:56:01,3c6669,DLH24W,11525,320.7,15.6,41.234848,-8.86377,0.2,5434,A3
2025-11-07T06:56:01,ab236a,,,,,,,98.4,,
2025-11-07T06:56:01,440da5,EJU45PQ,20275,414.9,61.0,38.929914,-8.524231,0.1,4406,A3
2025-11-07T06:56:01,34604e,,,,,,,96.7,,A5
2025-11-07T06:56:01,3c65cc,,,,,,,164.3,,A3
2025-11-07T06:56:01,346088,VLG17UP,37025,426.4,208.1,38.984846,-7.385132,23.7,2607,A3
2025-11-07T06:56:01,440614,EJU42BH,32775,484.5,46.1,39.863297,-7.846507,0.1,2271,A3
2025-11-07T06:56:01,4cafc4,,36000,424.3,355.5,39.044945,-8.305054,0.2,5445,A3
2025-11-07T06:56:01,495039,,27125,,,,,51.4,,A3
2025-11-07T06:56:01,347647,,,,,,,227.7,,A3
2025-11-07T06:56:01,440ccc,EJU41EM,34625,472.0,42.5,,,3.2,2021,
2025-11-07T06:56:01,440611,,,,,,,131.5,,A3
2025-11-07T06:56:01,4caecb,,,,,,,36.9,,A3
2025-11-07T06:56:01,3c674e,,,,,,,247.5,,A3
2025-11-07T06:56:01,39d304,,,,,,,227.6,,A3
2025-11-07T06:57:01,3c6669,DLH24W,13850,336.2,14.8,41.321954,-8.832758,0.1,5434,A3
2025-11-07T06:57:01,ab236a,,34000,,,,,26.6,,
2025-11-07T06:57:01,440da5,EJU45PQ,22125,426.9,60.1,38.986894,-8.394958,0.1,4406,A3
2025-11-07T06:57:01,34604e,,,,,,,156.7,,A5
2025-11-07T06:57:01,3c65cc,,,,,,,224.3,,A3
2025-11-07T06:57:01,346088,VLG17UP,37000,,,,,0.1,2607,A3
2025-11-07T06:57:01,440614,EJU42BH,33650,486.6,46.2,39.956298,-7.721079,0.0,2271,A3
2025-11-07T06:57:01,4cafc4,RYR2MR,36000,422.4,355.4,39.160767,-8.31683,0.0,5445,A3
2025-11-07T06:57:01,495039,,23850,388.5,201.3,39.855838,-9.082214,17.7,,A3
2025-11-07T06:57:01,347647,,,,,,,0.5,,A3
2025-11-07T06:57:01,440ccc,,35575,474.0,42.7,,,0.0,2021,
2025-11-07T06:57:01,440611,,,,,,,191.5,,A3
2025-11-07T06:57:01,4caecb,,,,,,,96.9,,A3
2025-11-07T06:57:01,39d304,,,,,,,287.6,,A3
2025-11-07T06:58:01.900000,06a0e5,,38000,560.7,118.7,41.243002,-8.82714,0.9,2213,
2025-11-07T06:58:01.900000,3c6669,DLH24W,14925,392.5,15.1,41.422302,-8.79699,0.0,5434,A3
2025-11-07T06:58:01.900000,ab236a,,,,,,,87.5,,
2025-11-07T06:58:01.900000,440da5,EJU45PQ,23925,441.2,60.2,39.049072,-8.256942,0.1,4406,A3
2025-11-07T06:58:01.900000,34604e,,,,,,,217.6,,A5
2025-11-07T06:58:01.900000,3c65cc,,,,,,,285.2,,A3
2025-11-07T06:58:01.900000,346088,VLG17UP,36975,422.4,208.3,38.730903,-7.559753,0.1,2607,A3
2025-11-07T06:58:01.900000,440614,EJU42BH,34000,490.1,46.2,40.052628,-7.59082,0.0,2271,A3
2025-11-07T06:58:01.900000,4cafc4,RYR2MR,36000,421.4,355.4,39.276914,-8.328369,0.3,5445,A3
2025-11-07T06:58:01.900000,495039,,21575,382.2,201.3,39.754308,-9.133545,22.3,,A3
2025-11-07T06:58:01.900000,347647,,37000,416.1,214.7,,,23.2,,A3
2025-11-07T06:58:01.900000,440ccc,EJU41EM,36000,480.0,42.7,,,0.2,2021,
2025-11-07T06:58:01.900000,440611,,,,,,,41.5,,A3
2025-11-07T06:58:01.900000,4caecb,,,,,,,157.8,,A3
2025-11-07T06:59:00.500000,48c2ab,,30075,423.7,102.3,40.74115,-7.236206,13.3,,
2025-11-07T06:59:00.500000,34750f,,35000,390.5,242.4,,,18.2,2611,
2025-11-07T06:59:00.500000,06a0e5,QTR27V,38000,561.1,119.6,41.214569,-8.759644,33.4,2213,A5
2025-11-07T06:59:00.500000,3c6669,DLH24W,16275,409.2,15.2,41.50383,-8.767714,0.0,5434,A3
2025-11-07T06:59:00.500000,ab236a,,,,,,,146.1,,
2025-11-07T06:59:00.500000,440da5,EJU45PQ,25650,446.2,60.2,39.109726,-8.121165,0.4,4406,A3
2025-11-07T06:59:00.500000,34604e,,,,,,,276.2,,A5
2025-11-07T06:59:00.500000,346088,VLG17UP,37000,422.4,208.3,38.720243,-7.567078,33.4,2607,A3
2025-11-07T06:59:00.500000,440614,,34000,490.1,46.2,40.145096,-7.465027,0.0,2271,A3
2025-11-07T06:59:00.500000,4cafc4,RYR2MR,36000,421.2,355.6,39.392578,-8.340235,0.4,5445,A3
2025-11-07T06:59:00.500000,495039,,19100,360.6,201.3,39.643799,-9.189347,10.8,2204,A3
2025-11-07T06:59:00.500000,347647,,,,,,,81.8,,A3
2025-11-07T06:59:00.500000,440ccc,EJU41EM,36000,480.0,42.9,,,0.3,2021,
2025-11-07T06:59:00.500000,440611,,,,,,,100.2,,A3
2025-11-07T06:59:00.500000,4caecb,,,,,,,216.4,,A3
