timestamp,hex,flight,alt_baro,gs,track,lat,lon,seen,squawk,category
2025-08-30T08:00:01.100000,ab5fc9,,36000,518.7,109.5,,,2.7,2704,
2025-08-30T08:00:01.100000,34659a,IBE0152,40000,504.7,76.1,39.407726,-8.583252,0.2,2367,A5
2025-08-30T08:00:01.100000,39e680,AFR39YM,33000,446.6,216.1,40.430374,-7.897522,12.0,7617,A3
2025-08-30T08:00:01.100000,4951d4,TAP822W,18150,384.7,44.6,39.300018,-8.51321,0.4,5251,A3
2025-08-30T08:00:01.100000,34745a,,,,,,,200.2,,
2025-08-30T08:00:01.100000,40803c,,,,,,,188.2,,
2025-08-30T08:00:01.100000,440095,,,,,,,51.3,,
2025-08-30T08:00:01.100000,346316,,,,,,,172.6,,A3
2025-08-30T08:00:01.100000,4952cb,TAP63V,25550,373.1,202.4,39.744186,-8.52551,0.1,2275,A3
2025-08-30T08:00:01.100000,495215,TAP874H,22000,440.6,64.3,39.305511,-7.911768,0.1,5467,A3
2025-08-30T08:00:01.100000,4952c7,TAP575,22000,349.2,211.4,39.487106,-8.600384,0.0,2554,A3
2025-08-30T08:00:01.100000,407930,BAW499C,24650,,,40.16272,-8.927185,54.6,4703,A3
2025-08-30T08:00:01.100000,407176,,,,,,,188.7,,
2025-08-30T08:00:01.100000,495149,TAP535,27675,439.9,186.5,39.890147,-8.318665,0.2,1111,A3
2025-08-30T08:00:01.100000,3d06d4,DEAVK,6600,,,,,36.2,1371,
2025-08-30T08:00:01.100000,495152,,19325,329.1,222.4,39.291811,-8.761902,45.1,,A3
2025-08-30T08:00:01.100000,495216,TAP1310,31125,443.3,2.2,40.354568,-8.671875,0.0,3362,A3
2025-08-30T08:00:01.100000,346692,VLG15SY,15175,311.0,230.2,38.682908,-8.356934,1.6,0461,A3
2025-08-30T08:00:01.100000,495211,TAP5HA,20350,342.3,211.1,39.364792,-8.696395,0.1,1131,A3
2025-08-30T08:00:01.100000,49521a,TAP1920,22000,379.3,352.4,40.551049,-8.715904,0.2,4411,A3
2025-08-30T08:00:01.100000,4d2500,,,,,,,145.1,,A3
2025-08-30T08:00:01.100000,4952c4,,,,,,,100.0,,A3
2025-08-30T08:00:01.100000,4ca6fb,RYR132A,38000,428.5,340.9,40.528107,-8.305786,0.0,4632,A3
2025-08-30T08:00:01.100000,4cade5,RYR38VZ,38000,441.5,355.3,41.004272,-8.504395,0.4,4750,A3
2025-08-30T08:00:01.100000,44083f,,,,,,,223.7,,A3
2025-08-30T08:00:01.100000,4cad2b,,38000,,,,,5.5,,A3
2025-08-30T08:01:00.600000,4951cd,TAP640,15000,343.7,45.9,39.170775,-8.669006,0.1,4704,A3
2025-08-30T08:01:00.600000,48597d,,29150,435.8,6.5,,,0.5,4705,
2025-08-30T08:01:00.600000,44014a,EJU51NK,37000,446.4,226.9,40.153121,-7.739119,0.0,2311,A3
2025-08-30T08:01:00.600000,ab5fc9,,35975,520.0,109.6,41.186348,-8.455915,12.1,2704,
2025-08-30T08:01:00.600000,34659a,IBE0152,40000,502.3,76.3,39.440266,-8.411804,0.1,2367,A5
2025-08-30T08:01:00.600000,39e680,,33000,,,,,32.1,,A3
2025-08-30T08:01:00.600000,4951d4,TAP822W,19850,393.9,44.7,39.37621,-8.416321,0.1,5251,A3
2025-08-30T08:01:00.600000,34745a,,,,,,,259.7,,
2025-08-30T08:01:00.600000,40803c,,,,,,,247.6,,
2025-08-30T08:01:00.600000,440095,,,,,,,110.7,,
2025-08-30T08:01:00.600000,346316,,,,,,,232.0,,A3
2025-08-30T08:01:00.600000,4952cb,TAP63V,24375,364.3,211.1,39.658317,-8.592529,0.0,2275,A3
2025-08-30T08:01:00.600000,495215,TAP874H,19475,445.9,64.4,39.333522,-7.836975,10.8,5467,A3
2025-08-30T08:01:00.600000,4952c7,TAP575,20900,346.4,211.3,39.404514,-8.665222,0.2,2554,A3
2025-08-30T08:01:00.600000,407930,,,,,,,114.0,,A3
2025-08-30T08:01:00.600000,407176,,,,,,,248.2,,
2025-08-30T08:01:00.600000,495149,TAP535,26350,408.9,186.9,39.777008,-8.336414,0.2,1111,A3
2025-08-30T08:01:00.600000,3d06d4,,6900,,,,,1.6,,
2025-08-30T08:01:00.600000,495152,,,,,,,104.6,,A3
2025-08-30T08:01:00.600000,495216,TAP1310,32000,449.3,2.2,40.478027,-8.665894,0.0,3362,A3
2025-08-30T08:01:00.600000,346692,,15175,,,,,15.8,,A3
2025-08-30T08:01:00.600000,495211,TAP5HA,19400,329.5,221.2,39.297956,-8.754517,4.1,1131,A3
2025-08-30T08:01:00.600000,49521a,TAP1920,21400,378.3,352.4,40.655457,-8.734192,0.0,4411,A3
2025-08-30T08:01:00.600000,4d2500,,,,,,,204.6,,A3
2025-08-30T08:01:00.600000,4952c4,,,,,,,159.4,,A3
2025-08-30T08:01:00.600000,4ca6fb,RYR132A,37975,429.5,341.0,40.639638,-8.356601,0.1,4632,A3
2025-08-30T08:01:00.600000,4cade5,RYR38VZ,38000,442.5,355.3,41.121597,-8.517212,11.5,,A3
2025-08-30T08:01:00.600000,44083f,,,,,,,283.1,,A3
2025-08-30T08:01:00.600000,4cad2b,,38000,444.7,355.0,,,44.5,,A3
2025-08-30T08:02:01,407567,EZY31DR,35000,478.2,185.5,40.301809,-7.343986,0.3,5424,
2025-08-30T08:02:01,484f6d,,37000,463.7,201.0,,,0.0,,
2025-08-30T08:02:01,495292,TAP9RH,27725,447.9,185.3,39.918218,-8.31427,0.0,3717,A3
2025-08-30T08:02:01,347297,LER2920,38000,482.9,76.2,39.399486,-8.636841,0.1,3357,A5
2025-08-30T08:02:01,4951cd,TAP640,16400,370.6,46.1,39.240185,-8.576355,0.2,4704,A3
2025-08-30T08:02:01,48597d,,29150,435.8,6.5,,,54.2,,
2025-08-30T08:02:01,44014a,EJU51NK,36975,447.1,226.8,40.067459,-7.857971,0.1,2311,A3
2025-08-30T08:02:01,ab5fc9,,,,,,,72.5,,
2025-08-30T08:02:01,34659a,IBE0152,40000,499.9,76.5,39.473598,-8.234985,0.0,2367,A5
2025-08-30T08:02:01,39e680,,,,,,,92.5,,A3
2025-08-30T08:02:01,4951d4,TAP822W,21575,402.3,44.7,39.455396,-8.315369,0.0,5251,A3
2025-08-30T08:02:01,440095,,,,,,,171.1,,
2025-08-30T08:02:01,346316,,,,,,,292.4,,A3
2025-08-30T08:02:01,4952cb,TAP63V,23175,355.3,211.2,39.572475,-8.659546,0.1,2275,A3
2025-08-30T08:02:01,495215,TAP874H,24775,460.2,64.4,39.413406,-7.622362,0.1,5467,A3
2025-08-30T08:02:01,4952c7,TAP575,19775,335.7,212.2,39.322998,-8.728996,0.2,2554,A3
2025-08-30T08:02:01,407930,,,,,,,174.4,,A3
2025-08-30T08:02:01,495149,TAP535,25075,365.0,216.1,39.674561,-8.375105,1.3,1111,A3
2025-08-30T08:02:01,3d06d4,,6900,,,,,51.8,1371,
2025-08-30T08:02:01,495152,,,,,,,165.0,,A3
2025-08-30T08:02:01,495216,TAP1310,32000,443.3,2.2,40.601232,-8.659848,0.1,3362,A3
2025-08-30T08:02:01,346692,,,,,,,76.2,,A3
2025-08-30T08:02:01,495211,,19400,329.5,221.2,39.297956,-8.754517,60.4,1131,A3
2025-08-30T08:02:01,49521a,TAP1920,19525,370.3,352.4,40.746103,-8.750049,2.8,4411,A3
2025-08-30T08:02:01,4d2500,,,,,,,265.0,,A3
2025-08-30T08:02:01,4952c4,,,,,,,219.8,,A3
2025-08-30T08:02:01,4ca6fb,RYR132A,37025,428.5,340.9,40.749874,-8.406289,0.1,4632,A3
2025-08-30T08:02:01,4cade5,,38000,443.5,355.2,41.266388,-8.533081,1.0,,A3
2025-08-30T08:02:01,4cad2b,,,,,,,104.9,,A3
2025-08-30T08:03:01.300000,406f86,EXS613,37000,453.7,196.5,40.05699,-7.885874,0.1,5214,A3
2025-08-30T08:03:01.300000,407567,EZY31DR,34975,476.2,185.5,40.177231,-7.359802,0.5,5424,A3
2025-08-30T08:03:01.300000,484f6d,TRA31M,37000,465.6,200.9,40.116852,-7.430542,0.4,3736,A3
2025-08-30T08:03:01.300000,3c55c5,,39000,,,,,3.4,,
2025-08-30T08:03:01.300000,495292,TAP9RH,26475,436.4,187.1,39.838806,-8.325786,21.8,3717,A3
2025-08-30T08:03:01.300000,347297,LER2920,38000,483.9,76.3,39.431514,-8.46814,0.0,3357,A5
2025-08-30T08:03:01.300000,4951cd,TAP640,18150,379.0,44.4,39.312992,-8.479614,0.1,4704,A3
2025-08-30T08:03:01.300000,48597d,,,,,,,114.5,,
2025-08-30T08:03:01.300000,44014a,EJU51NK,37000,446.4,226.7,39.9814,-7.977295,0.0,2311,A3
2025-08-30T08:03:01.300000,ab5fc9,,,,,,,132.9,,
2025-08-30T08:03:01.300000,34659a,IBE0152,40000,499.7,76.6,39.503251,-8.075928,3.0,2367,A5
2025-08-30T08:03:01.300000,39e680,,,,,,,152.9,,A3
2025-08-30T08:03:01.300000,4951d4,TAP822W,23025,413.0,44.8,39.531136,-8.218567,0.4,5251,A3
2025-08-30T08:03:01.300000,440095,,,,,,,231.5,,
2025-08-30T08:03:01.300000,4952cb,TAP63V,22000,350.9,211.2,39.488297,-8.725593,0.1,2275,A3
2025-08-30T08:03:01.300000,495215,TAP874H,25675,464.3,64.5,39.450415,-7.522339,20.8,5467,A3
2025-08-30T08:03:01.300000,4952c7,,19450,329.2,220.3,39.30182,-8.750183,40.9,2554,A3
2025-08-30T08:03:01.300000,407930,,,,,,,234.8,,A3
2025-08-30T08:03:01.300000,495149,TAP535,23900,347.8,232.2,39.61322,-8.475057,0.0,1111,A3
2025-08-30T08:03:01.300000,3d06d4,,,,,,,112.1,,
2025-08-30T08:03:01.300000,495152,,,,,,,225.3,,A3
2025-08-30T08:03:01.300000,495216,TAP1310,32000,445.3,2.2,40.726039,-8.653793,0.0,3362,A3
2025-08-30T08:03:01.300000,346692,,,,,,,136.6,,A3
2025-08-30T08:03:01.300000,495211,,,,,,,120.7,,A3
2025-08-30T08:03:01.300000,49521a,TAP1920,17350,358.1,352.5,40.848052,-8.767964,0.6,4411,A3
2025-08-30T08:03:01.300000,4952c4,,,,,,,280.1,,A3
2025-08-30T08:03:01.300000,4ca6fb,RYR132A,36000,418.1,340.9,40.862869,-8.457764,0.3,4632,A3
2025-08-30T08:03:01.300000,4cade5,RYR38VZ,38000,443.5,355.2,41.386755,-8.546214,2.0,4750,A3
2025-08-30T08:03:01.300000,4cad2b,,,,,,,165.2,,A3
2025-08-30T08:04:01.100000,4078fd,,37000,,,,,2.0,,
2025-08-30T08:04:01.100000,406f86,EXS613,37000,452.8,196.6,39.93763,-7.931692,0.7,5214,A3
2025-08-30T08:04:01.100000,407567,EZY31DR,34975,475.2,185.6,40.100647,-7.369446,5.7,5424,A3
2025-08-30T08:04:01.100000,484f6d,,37000,465.2,200.8,40.088785,-7.444423,39.5,3736,A3
2025-08-30T08:04:01.100000,3c55c5,EWG3KB,39025,466.8,195.4,39.019667,-7.293274,0.7,1126,A3
2025-08-30T08:04:01.100000,495292,TAP9RH,24700,370.9,212.4,39.686462,-8.362029,0.0,3717,A3
2025-08-30T08:04:01.100000,347297,LER2920,38000,482.7,76.3,39.462799,-8.301962,0.1,3357,A5
2025-08-30T08:04:01.100000,4951cd,TAP640,19825,387.5,44.4,39.389385,-8.384216,0.1,4704,A3
2025-08-30T08:04:01.100000,48597d,,,,,,,174.3,,
2025-08-30T08:04:01.100000,44014a,EJU51NK,37025,445.0,226.7,39.898773,-8.091132,0.5,2311,A3
2025-08-30T08:04:01.100000,ab5fc9,,,,,,,192.7,,
2025-08-30T08:04:01.100000,34659a,IBE0152,40000,500.6,76.6,39.529037,-7.936368,7.5,2367,A5
2025-08-30T08:04:01.100000,39e680,,,,,,,212.7,,A3
2025-08-30T08:04:01.100000,4951d4,TAP822W,24175,416.5,44.7,39.590012,-8.143138,20.5,5251,A3
2025-08-30T08:04:01.100000,440095,,,,,,,291.3,,
2025-08-30T08:04:01.100000,4952cb,TAP63V,20825,341.7,213.2,39.405258,-8.790854,0.1,2275,A3
2025-08-30T08:04:01.100000,495215,,,,,,,80.6,,A3
2025-08-30T08:04:01.100000,4952c7,,,,,,,100.7,,A3
2025-08-30T08:04:01.100000,407930,,,,,,,294.6,,A3
2025-08-30T08:04:01.100000,495149,TAP535,22775,357.4,210.8,39.54158,-8.557454,0.1,1111,A3
2025-08-30T08:04:01.100000,3d06d4,,,,,,,171.9,,
2025-08-30T08:04:01.100000,495152,,,,,,,285.1,,A3
2025-08-30T08:04:01.100000,495216,TAP1310,32000,446.3,2.2,40.849775,-8.647676,0.5,3362,A3
2025-08-30T08:04:01.100000,346692,,,,,,,196.4,,A3
2025-08-30T08:04:01.100000,495211,,,,,,,180.5,,A3
2025-08-30T08:04:01.100000,49521a,,15250,349.2,352.3,40.947098,-8.7854,3.0,4411,A3
2025-08-30T08:04:01.100000,4ca6fb,RYR132A,34975,412.6,346.4,40.961314,-8.499797,5.8,4632,A3
2025-08-30T08:04:01.100000,4cade5,RYR38VZ,38000,444.5,355.2,41.462814,-8.554667,17.0,4750,A3
2025-08-30T08:04:01.100000,4cad2b,,,,,,,225.0,,A3
2025-08-30T08:05:01.300000,40803c,,37000,456.4,184.5,,,2.4,5245,
2025-08-30T08:05:01.300000,4078fd,EXS14J,37000,454.5,184.7,40.166947,-7.404785,0.2,2270,A3
2025-08-30T08:05:01.300000,406f86,EXS613,37000,451.8,196.6,39.918172,-7.939148,42.7,5214,A3
2025-08-30T08:05:01.300000,407567,,34975,,,,,66.0,,A3
2025-08-30T08:05:01.300000,484f6d,,,,,,,99.7,,A3
2025-08-30T08:05:01.300000,3c55c5,EWG3KB,39025,465.5,195.3,38.945663,-7.319223,15.5,1126,A3
2025-08-30T08:05:01.300000,495292,TAP9RH,23775,342.2,232.4,39.623932,-8.456308,0.0,3717,A3
2025-08-30T08:05:01.300000,347297,LER2920,38000,482.4,76.5,39.493615,-8.137207,0.3,3357,A5
2025-08-30T08:05:01.300000,4951cd,TAP640,21475,395.3,44.5,39.464706,-8.28894,0.0,4704,A3
2025-08-30T08:05:01.300000,48597d,,,,,,,234.6,,
2025-08-30T08:05:01.300000,44014a,EJU51NK,37000,444.2,226.6,39.886004,-8.108704,42.5,2311,A3
2025-08-30T08:05:01.300000,ab5fc9,,,,,,,252.9,,
2025-08-30T08:05:01.300000,34659a,,,,,,,67.8,,A5
2025-08-30T08:05:01.300000,39e680,AFR39YM,27375,440.0,186.7,39.863193,-8.323303,0.1,7617,A3
2025-08-30T08:05:01.300000,4951d4,,24875,420.7,44.9,39.629288,-8.092685,52.5,,A3
2025-08-30T08:05:01.300000,4952cb,TAP63V,20725,337.3,218.5,39.398483,-8.797601,42.0,2275,A3
2025-08-30T08:05:01.300000,495215,,,,,,,140.8,,A3
2025-08-30T08:05:01.300000,4952c7,,,,,,,160.9,,A3
2025-08-30T08:05:01.300000,495149,TAP535,21600,348.7,211.3,39.456373,-8.624634,0.1,1111,A3
2025-08-30T08:05:01.300000,3d06d4,,,,,,,232.2,,
2025-08-30T08:05:01.300000,495216,TAP1310,32000,442.8,351.6,40.969321,-8.656602,0.2,3362,A3
2025-08-30T08:05:01.300000,346692,,,,,,,256.6,,A3
2025-08-30T08:05:01.300000,495211,,,,,,,240.7,,A3
2025-08-30T08:05:01.300000,49521a,,14125,,,41.000473,-8.794861,25.9,,A3
2025-08-30T08:05:01.300000,4ca6fb,RYR132A,32825,404.0,0.7,41.087402,-8.506165,0.2,4632,A3
2025-08-30T08:05:01.300000,4cade5,,38000,444.0,355.3,41.591119,-8.568889,14.0,4750,A3
2025-08-30T08:05:01.300000,4cad2b,,,,,,,285.3,,A3
2025-08-30T08:06:00.700000,40803c,,37000,,,,,61.7,,
2025-08-30T08:06:00.700000,4078fd,EXS14J,37000,454.4,184.5,40.099074,-7.411901,24.9,2270,A3
2025-08-30T08:06:00.700000,406f86,EXS613,37000,449.0,196.3,39.698398,-8.023071,0.5,5214,A3
2025-08-30T08:06:00.700000,407567,,,,,,,125.3,,A3
2025-08-30T08:06:00.700000,484f6d,,,,,,,159.1,,A3
2025-08-30T08:06:00.700000,3c55c5,,36750,469.9,188.3,,,4.8,1126,A3
2025-08-30T08:06:00.700000,495292,TAP9RH,22775,355.7,211.0,39.558323,-8.544434,0.0,3717,A3
2025-08-30T08:06:00.700000,347297,LER2920,38000,483.4,76.5,39.522617,-7.980652,1.3,3357,A5
2025-08-30T08:06:00.700000,4951cd,TAP640,22975,403.8,44.5,39.544962,-8.187012,0.0,4704,A3
2025-08-30T08:06:00.700000,48597d,,35825,446.7,12.5,,,0.0,,
2025-08-30T08:06:00.700000,44014a,EJU51NK,37000,442.1,226.6,39.729356,-8.323181,0.4,2311,A3
2025-08-30T08:06:00.700000,34659a,,,,,,,127.1,,A5
2025-08-30T08:06:00.700000,39e680,AFR39YM,26025,406.8,186.8,39.750677,-8.340454,0.0,7617,A3
2025-08-30T08:06:00.700000,4951d4,,,,,,,111.8,,A3
2025-08-30T08:06:00.700000,4952cb,,19550,,,39.333289,-8.892212,50.0,,A3
2025-08-30T08:06:00.700000,495215,,,,,,,200.1,,A3
2025-08-30T08:06:00.700000,4952c7,,,,,,,220.2,,A3
2025-08-30T08:06:00.700000,495149,TAP535,20475,343.7,211.2,39.374814,-8.688599,0.0,1111,A3
2025-08-30T08:06:00.700000,3d06d4,,,,,,,291.5,,
2025-08-30T08:06:00.700000,495216,,32000,444.4,352.9,41.0923,-8.68042,0.3,3362,A3
2025-08-30T08:06:00.700000,49521a,,725,,,41.058794,-8.80523,16.8,,A3
2025-08-30T08:06:00.700000,4ca6fb,RYR132A,31000,401.0,0.3,41.177456,-8.504729,0.0,4632,A3
2025-08-30T08:06:00.700000,4cade5,,38000,,,,,47.0,,A3
2025-08-30T08:07:01.700000,4ca6aa,,31325,442.3,355.6,,,1.6,,
2025-08-30T08:07:01.700000,4951ca,TAP752,15600,362.2,46.6,39.2146,-8.61967,0.1,5233,A3
2025-08-30T08:07:01.700000,40803c,,,,,,,122.7,,
2025-08-30T08:07:01.700000,4078fd,,,,,,,85.9,,A3
2025-08-30T08:07:01.700000,406f86,EXS613,37000,448.4,196.5,39.577037,-8.069336,0.5,5214,A3
2025-08-30T08:07:01.700000,407567,,,,,,,186.3,,A3
2025-08-30T08:07:01.700000,484f6d,,,,,,,220.1,,A3
2025-08-30T08:07:01.700000,3c55c5,EWG3KB,34950,478.0,188.3,,,0.1,1126,A3
2025-08-30T08:07:01.700000,495292,TAP9RH,21750,349.2,211.4,39.47262,-8.611206,0.0,3717,A3
2025-08-30T08:07:01.700000,347297,LER2920,38000,483.2,76.6,39.541564,-7.877441,19.4,3357,A5
2025-08-30T08:07:01.700000,4951cd,TAP640,24375,412.3,44.5,39.619539,-8.09198,0.3,4704,A3
2025-08-30T08:07:01.700000,48597d,TRA11R,37025,448.8,28.3,38.94809,-7.821549,0.5,4705,A3
2025-08-30T08:07:01.700000,44014a,EJU51NK,37000,444.2,226.5,39.642256,-8.442078,0.0,2311,A3
2025-08-30T08:07:01.700000,34659a,,,,,,,188.2,,A5
2025-08-30T08:07:01.700000,39e680,AFR39YM,24750,354.5,231.6,39.656845,-8.401138,0.2,7617,A3
2025-08-30T08:07:01.700000,4951d4,,,,,,,172.8,,A3
2025-08-30T08:07:01.700000,4952cb,,,,,,,111.1,,A3
2025-08-30T08:07:01.700000,495215,,,,,,,261.2,,A3
2025-08-30T08:07:01.700000,4952c7,,,,,,,281.3,,A3
2025-08-30T08:07:01.700000,495149,TAP535,19450,329.1,222.4,39.302216,-8.749655,0.1,1111,A3
2025-08-30T08:07:01.700000,495216,,22200,447.0,359.7,41.110747,-8.682757,16.0,3362,A3
2025-08-30T08:07:01.700000,49521a,,,,,,,77.8,,A3
2025-08-30T08:07:01.700000,4ca6fb,,30050,390.3,2.2,,,16.6,4632,A3
2025-08-30T08:07:01.700000,4cade5,,,,,,,108.1,,A3
2025-08-30T08:08:01.600000,39de46,,,456.6,207.2,,,0.8,,
2025-08-30T08:08:01.600000,4ca6aa,RYR7243,31875,437.2,355.7,,,13.9,,A3
2025-08-30T08:08:01.600000,4951ca,TAP752,17500,364.9,44.3,39.28399,-8.526184,0.1,5233,A3
2025-08-30T08:08:01.600000,40803c,,34600,456.5,184.6,,,18.1,,
2025-08-30T08:08:01.600000,4078fd,,,,,,,145.7,,A3
2025-08-30T08:08:01.600000,406f86,EXS613,37000,448.1,196.3,39.459539,-8.114136,0.1,5214,A3
2025-08-30T08:08:01.600000,407567,,,,,,,246.2,,A3
2025-08-30T08:08:01.600000,484f6d,,,,,,,279.9,,A3
2025-08-30T08:08:01.600000,3c55c5,EWG3KB,32600,479.0,188.3,38.593109,-7.394897,20.0,1126,A3
2025-08-30T08:08:01.600000,495292,TAP9RH,20925,344.7,211.5,39.390642,-8.675842,0.1,3717,A3
2025-08-30T08:08:01.600000,347297,,38000,483.9,76.7,39.56498,-7.749146,0.9,,A5
2025-08-30T08:08:01.600000,4951cd,,25350,417.2,44.6,39.647964,-8.055725,24.9,4704,A3
2025-08-30T08:08:01.600000,48597d,TRA11R,37900,447.4,34.4,39.037125,-7.746735,0.0,4705,A3
2025-08-30T08:08:01.600000,44014a,EJU51NK,37000,443.5,226.4,39.558289,-8.55614,0.3,2311,A3
2025-08-30T08:08:01.600000,34659a,,,,,,,248.0,,A5
2025-08-30T08:08:01.600000,39e680,AFR39YM,23600,346.3,232.0,39.598032,-8.500122,0.0,7617,A3
2025-08-30T08:08:01.600000,4951d4,,,,,,,232.7,,A3
2025-08-30T08:08:01.600000,4952cb,,,,,,,170.9,,A3
2025-08-30T08:08:01.600000,495149,,19200,329.1,222.4,39.302216,-8.749655,3.5,7041,A3
2025-08-30T08:08:01.600000,495216,,,,,,,30.1,3362,A3
2025-08-30T08:08:01.600000,49521a,,,,,,,137.7,,A3
2025-08-30T08:08:01.600000,4ca6fb,,29150,375.3,2.3,,,23.7,4632,A3
2025-08-30T08:08:01.600000,4cade5,,,,,,,51.7,4750,A3
2025-08-30T08:09:01.300000,3d06d4,DEAVK,7100,,,,,0.4,1371,
2025-08-30T08:09:01.300000,39de46,,37000,456.6,207.2,,,0.4,7623,
2025-08-30T08:09:01.300000,4ca6aa,,34200,432.3,355.5,38.801663,-8.271118,0.1,,A3
2025-08-30T08:09:01.300000,4951ca,TAP752,19025,378.3,44.5,39.358381,-8.432434,0.0,5233,A3
2025-08-30T08:09:01.300000,40803c,,,,,,,77.9,,
2025-08-30T08:09:01.300000,4078fd,,,,,,,205.5,,A3
2025-08-30T08:09:01.300000,406f86,EXS613,37000,449.0,196.3,39.35289,-8.154423,1.0,5214,A3
2025-08-30T08:09:01.300000,407567,EZY31DR,35025,475.5,184.6,39.414459,-7.442998,4.7,5424,A3
2025-08-30T08:09:01.300000,484f6d,,37000,,,39.393356,-7.786202,1.4,3736,A3
2025-08-30T08:09:01.300000,3c55c5,,,,,,,79.8,,A3
2025-08-30T08:09:01.300000,495292,TAP9RH,20425,338.0,217.5,39.310013,-8.74054,0.0,3717,A3
2025-08-30T08:09:01.300000,347297,,38000,481.5,76.9,,,8.6,3357,A5
2025-08-30T08:09:01.300000,4951cd,,,,,,,58.6,,A3
2025-08-30T08:09:01.300000,48597d,,38000,448.4,35.3,39.14859,-7.646962,0.7,4705,A3
2025-08-30T08:09:01.300000,44014a,EJU51NK,37000,444.2,226.3,39.473179,-8.671204,0.0,2311,A3
2025-08-30T08:09:01.300000,39e680,AFR39YM,22450,354.5,211.3,39.519424,-8.575128,0.0,7617,A3
2025-08-30T08:09:01.300000,4951d4,,,,,,,292.5,,A3
2025-08-30T08:09:01.300000,4952cb,,,,,,,230.7,,A3
2025-08-30T08:09:01.300000,495149,,,,,,,63.3,7041,A3
2025-08-30T08:09:01.300000,495216,,,,,,,89.8,,A3
2025-08-30T08:09:01.300000,49521a,,,,,,,197.5,,A3
2025-08-30T08:09:01.300000,4ca6fb,,,,,,,83.5,,A3
2025-08-30T08:09:01.300000,4cade5,,,,,,,111.4,,A3
2025-08-30T08:10:01.600000,503e6a,TRA21H,35000,443.2,213.9,39.991699,-8.163818,0.2,7113,A3
2025-08-30T08:10:01.600000,4951d4,,31675,458.9,45.3,40.133755,-7.437057,0.5,5251,
2025-08-30T08:10:01.600000,3d06d4,DEAVK,7100,,,,,0.1,1371,
2025-08-30T08:10:01.600000,39de46,TVF74FN,37000,459.2,195.3,38.968872,-7.310565,0.3,7623,
2025-08-30T08:10:01.600000,4ca6aa,RYR7243,35300,431.3,355.5,38.921906,-8.283393,0.1,2001,A3
2025-08-30T08:10:01.600000,4951ca,TAP752,20725,385.4,44.5,39.434494,-8.335815,0.1,5233,A3
2025-08-30T08:10:01.600000,40803c,,,,,,,138.2,,
2025-08-30T08:10:01.600000,4078fd,,,,,,,265.8,,A3
2025-08-30T08:10:01.600000,406f86,EXS613,37000,451.0,196.2,39.217392,-8.205414,0.0,5214,A3
2025-08-30T08:10:01.600000,407567,EZY31DR,35000,475.5,184.6,39.360196,-7.448608,46.8,5424,A3
2025-08-30T08:10:01.600000,484f6d,,37000,462.1,200.8,39.289764,-7.836536,2.1,3736,A3
2025-08-30T08:10:01.600000,3c55c5,,,,,,,140.1,,A3
2025-08-30T08:10:01.600000,495292,TAP9RH,20375,336.4,221.7,39.302582,-8.74858,45.5,3717,A3
2025-08-30T08:10:01.600000,347297,,,481.5,76.9,,,68.9,,A5
2025-08-30T08:10:01.600000,4951cd,,,,,,,118.9,,A3
2025-08-30T08:10:01.600000,48597d,,38000,449.5,35.5,39.202291,-7.597778,21.2,4705,A3
2025-08-30T08:10:01.600000,44014a,EJU51NK,37000,444.9,226.2,39.387131,-8.786853,0.0,2311,A3
2025-08-30T08:10:01.600000,39e680,AFR39YM,21300,348.7,211.3,39.435378,-8.640991,0.1,7617,A3
2025-08-30T08:10:01.600000,4952cb,,,,,,,291.0,,A3
2025-08-30T08:10:01.600000,495149,,,,,,,123.6,,A3
2025-08-30T08:10:01.600000,495216,,,,,,,150.1,,A3
2025-08-30T08:10:01.600000,49521a,,,,,,,257.8,,A3
2025-08-30T08:10:01.600000,4ca6fb,,27175,,,,,24.4,4632,A3
2025-08-30T08:10:01.600000,4cade5,,,,,,,171.8,,A3
2025-08-30T08:11:01.900000,4cad3b,RYR1768,11925,348.0,64.8,39.0271,-8.638717,2.1,3363,A3
2025-08-30T08:11:01.900000,4078f0,EZY59NZ,35000,457.8,196.5,40.053173,-7.883315,0.7,5411,A3
2025-08-30T08:11:01.900000,503e6a,TRA21H,35000,444.0,213.8,39.889114,-8.25324,0.1,7113,A3
2025-08-30T08:11:01.900000,4951d4,TAP822W,32775,458.9,45.4,40.221832,-7.321077,1.8,5251,A3
2025-08-30T08:11:01.900000,3d06d4,DEAVK,7100,,,,,0.8,1371,
2025-08-30T08:11:01.900000,39de46,TVF74FN,37000,459.2,195.3,38.959442,-7.313849,1.2,7321,A3
2025-08-30T08:11:01.900000,4ca6aa,RYR7243,36000,428.4,355.3,39.008789,-8.292289,0.5,2001,A3
2025-08-30T08:11:01.900000,4951ca,TAP752,22200,395.3,44.7,39.511368,-8.238074,0.0,5233,A3
2025-08-30T08:11:01.900000,40803c,,,,,,,198.5,,
2025-08-30T08:11:01.900000,406f86,EXS613,37000,452.2,196.3,39.099564,-8.249479,0.2,5214,A3
2025-08-30T08:11:01.900000,407567,EZY31DR,34975,475.6,184.7,,,11.5,5424,A3
2025-08-30T08:11:01.900000,484f6d,TRA31M,37000,463.6,200.6,39.150146,-7.904305,0.0,3736,A3
2025-08-30T08:11:01.900000,3c55c5,,,,,,,200.4,,A3
2025-08-30T08:11:01.900000,495292,,,,,,,105.8,,A3
2025-08-30T08:11:01.900000,347297,,,,,,,129.1,,A5
2025-08-30T08:11:01.900000,4951cd,,,,,,,179.2,,A3
2025-08-30T08:11:01.900000,48597d,,,,,,,48.4,,A3
2025-08-30T08:11:01.900000,44014a,EJU51NK,37000,444.9,226.4,39.366993,-8.813965,34.3,2311,A3
2025-08-30T08:11:01.900000,39e680,AFR39YM,20175,341.5,211.2,39.353485,-8.705053,0.1,7617,A3
2025-08-30T08:11:01.900000,495149,,,,,,,183.9,,A3
2025-08-30T08:11:01.900000,495216,,,,,,,210.4,,A3
2025-08-30T08:11:01.900000,4ca6fb,,,,,,,84.6,,A3
2025-08-30T08:11:01.900000,4cade5,,,,,,,232.0,,A3
2025-08-30T08:12:01.600000,407e53,,35025,453.0,215.0,42.312241,-8.165588,42.5,,
2025-08-30T08:12:01.600000,4cad3b,RYR1768,14075,365.5,64.9,39.07241,-8.514771,1.2,3363,A3
2025-08-30T08:12:01.600000,4078f0,EZY59NZ,35000,455.9,196.6,39.93782,-7.927795,1.3,5411,A3
2025-08-30T08:12:01.600000,503e6a,TRA21H,35000,445.4,213.8,39.844991,-8.291565,27.3,7113,A3
2025-08-30T08:12:01.600000,4951d4,TAP822W,33400,465.3,45.3,40.300186,-7.21759,0.3,5251,A3
2025-08-30T08:12:01.600000,3d06d4,DEAVK,7100,,,,,1.0,1371,
2025-08-30T08:12:01.600000,39de46,,36975,457.0,195.2,,,6.1,7623,A3
2025-08-30T08:12:01.600000,4ca6aa,RYR7243,36000,427.4,355.4,39.158346,-8.307739,0.3,2001,A3
2025-08-30T08:12:01.600000,4951ca,TAP752,23725,402.3,44.7,39.589466,-8.138245,0.5,5233,A3
2025-08-30T08:12:01.600000,40803c,,,,,,,258.2,,
2025-08-30T08:12:01.600000,406f86,,37000,454.1,196.2,39.007424,-8.283936,1.7,5214,A3
2025-08-30T08:12:01.600000,407567,EZY31DR,34975,475.6,184.7,39.061752,-7.47954,28.8,5424,A3
2025-08-30T08:12:01.600000,484f6d,TRA31M,37000,462.3,200.5,39.030121,-7.961983,0.2,3736,A3
2025-08-30T08:12:01.600000,3c55c5,,,,,,,260.1,,A3
2025-08-30T08:12:01.600000,495292,,,,,,,165.5,,A3
2025-08-30T08:12:01.600000,347297,,,,,,,188.8,,A5
2025-08-30T08:12:01.600000,4951cd,,30325,448.3,45.0,40.04889,-7.539243,0.2,4704,A3
2025-08-30T08:12:01.600000,48597d,TRA11R,,,,,,23.0,,A3
2025-08-30T08:12:01.600000,44014a,,,,,,,94.0,,A3
2025-08-30T08:12:01.600000,39e680,AFR39YM,19225,330.2,221.3,39.289111,-8.765259,6.2,7617,A3
2025-08-30T08:12:01.600000,495149,,,,,,,243.6,,A3
2025-08-30T08:12:01.600000,495216,,,,,,,270.1,,A3
2025-08-30T08:12:01.600000,4ca6fb,,,,,,,144.3,,A3
2025-08-30T08:12:01.600000,4cade5,,,,,,,291.7,,A3
2025-08-30T08:13:00.400000,47bf9d,,35100,458.0,195.2,,,4.0,,
2025-08-30T08:13:00.400000,4078fd,EXS14J,34425,454.5,184.7,39.156111,-7.508423,0.0,2270,A3
2025-08-30T08:13:00.400000,ab5fc9,,36000,513.7,100.5,,,0.6,,
2025-08-30T08:13:00.400000,407e53,,35025,455.2,215.0,,,28.2,1143,
2025-08-30T08:13:00.400000,4cad3b,RYR1768,15700,369.5,64.7,39.101944,-8.434216,1.4,3363,A3
2025-08-30T08:13:00.400000,4078f0,EZY59NZ,34975,455.9,196.6,39.927575,-7.931754,56.1,5411,A3
2025-08-30T08:13:00.400000,503e6a,TRA21H,35000,445.7,213.7,39.686508,-8.428603,0.0,7113,A3
2025-08-30T08:13:00.400000,4951d4,TAP822W,33975,458.9,45.4,40.37059,-7.124146,10.4,5251,A3
2025-08-30T08:13:00.400000,3d06d4,DEAVK,7000,,,,,0.9,1371,
2025-08-30T08:13:00.400000,39de46,TVF74FN,36975,456.3,195.4,38.616028,-7.432788,5.8,7623,A3
2025-08-30T08:13:00.400000,4ca6aa,RYR7243,36000,424.4,355.3,39.273788,-8.319815,0.1,2001,A3
2025-08-30T08:13:00.400000,4951ca,TAP752,25075,410.1,44.8,39.666696,-8.039307,1.3,5233,A3
2025-08-30T08:13:00.400000,406f86,EXS613,37000,454.4,196.4,38.865646,-8.336951,0.0,5214,A3
2025-08-30T08:13:00.400000,407567,,,,,,,87.5,,A3
2025-08-30T08:13:00.400000,484f6d,TRA31M,37000,452.8,200.6,38.931776,-8.009155,0.9,3736,A3
2025-08-30T08:13:00.400000,495292,,,,,,,224.3,,A3
2025-08-30T08:13:00.400000,347297,,,,,,,247.6,,A5
2025-08-30T08:13:00.400000,4951cd,TAP640,31475,447.6,45.1,40.13649,-7.425171,0.2,4704,A3
2025-08-30T08:13:00.400000,48597d,,,,,,,81.8,,A3
2025-08-30T08:13:00.400000,44014a,,,,,,,152.8,,A3
2025-08-30T08:13:00.400000,39e680,AFR39YM,19225,330.2,221.3,39.289111,-8.765259,65.0,,A3
2025-08-30T08:13:00.400000,4ca6fb,,,,,,,203.1,,A3
2025-08-30T08:14:00.500000,47bf9d,,35100,,,,,64.1,,
2025-08-30T08:14:00.500000,4078fd,EXS14J,33975,453.4,184.6,39.051276,-7.519104,4.2,2270,A3
2025-08-30T08:14:00.500000,ab5fc9,,36000,513.7,100.5,,,53.4,2704,
2025-08-30T08:14:00.500000,407e53,,35000,455.2,215.0,42.077179,-8.386751,19.2,,
2025-08-30T08:14:00.500000,4cad3b,RYR1768,17375,374.5,65.2,39.134558,-8.344299,13.5,,A3
2025-08-30T08:14:00.500000,4078f0,,34975,457.8,196.5,39.711386,-8.014709,2.4,5411,A3
2025-08-30T08:14:00.500000,503e6a,TRA21H,35025,444.3,213.6,39.583275,-8.517578,0.1,7113,A3
2025-08-30T08:14:00.500000,4951d4,,34000,,,40.45315,-7.014396,26.3,,A3
2025-08-30T08:14:00.500000,3d06d4,DEAVK,6900,,,,,1.6,1371,
2025-08-30T08:14:00.500000,39de46,,37000,456.8,195.1,38.544067,-7.457746,7.9,2012,A3
2025-08-30T08:14:00.500000,4ca6aa,RYR7243,36000,424.4,355.4,39.390548,-8.331909,0.1,2001,A3
2025-08-30T08:14:00.500000,4951ca,TAP752,25075,410.1,44.8,39.666696,-8.039307,55.0,5233,A3
2025-08-30T08:14:00.500000,406f86,EXS613,37000,454.1,196.2,38.778076,-8.369612,9.3,5214,A3
2025-08-30T08:14:00.500000,407567,,,,,,,147.7,,A3
2025-08-30T08:14:00.500000,484f6d,,37000,452.8,200.6,38.931776,-8.009155,25.1,3736,A3
2025-08-30T08:14:00.500000,495292,,,,,,,284.4,,A3
2025-08-30T08:14:00.500000,4951cd,TAP640,32175,458.9,45.1,40.224197,-7.310486,0.0,4704,A3
2025-08-30T08:14:00.500000,48597d,,,,,,,141.9,,A3
2025-08-30T08:14:00.500000,44014a,,,,,,,212.9,,A3
2025-08-30T08:14:00.500000,39e680,,,,,,,125.1,,A3
2025-08-30T08:14:00.500000,4ca6fb,,,,,,,263.2,,A3
2025-08-30T08:15:00.500000,495304,TAP34A,17125,369.9,46.2,39.196565,-8.636108,0.1,5466,A3
2025-08-30T08:15:00.500000,48c2ac,RYR4423,11275,280.6,241.2,41.705292,-8.335939,1.5,0614,
2025-08-30T08:15:00.500000,407930,,34000,468.5,21.8,42.102449,-8.463113,21.3,,
2025-08-30T08:15:00.500000,47bf9d,,,,,,,124.0,,
2025-08-30T08:15:00.500000,4078fd,,,,,,,64.2,,A3
2025-08-30T08:15:00.500000,ab5fc9,,,,,,,57.2,,
2025-08-30T08:15:00.500000,407e53,,35025,454.1,214.8,,,0.3,1143,
2025-08-30T08:15:00.500000,4cad3b,RYR1768,20325,393.6,64.4,39.209885,-8.148631,0.7,3363,A3
2025-08-30T08:15:00.500000,4078f0,EZY59NZ,35000,458.5,196.3,39.568006,-8.069336,0.1,5411,A3
2025-08-30T08:15:00.500000,503e6a,TRA21H,35000,441.3,213.7,39.481339,-8.60534,0.0,7113,A3
2025-08-30T08:15:00.500000,4951d4,,,,,,,86.2,,A3
2025-08-30T08:15:00.500000,3d06d4,,6900,,,,,59.6,,
2025-08-30T08:15:00.500000,39de46,,37000,456.8,195.1,,,19.8,,A3
2025-08-30T08:15:00.500000,4ca6aa,RYR7243,36000,431.2,355.7,39.509164,-8.344177,0.6,2001,A3
2025-08-30T08:15:00.500000,4951ca,,,,,,,114.9,,A3
2025-08-30T08:15:00.500000,406f86,,37000,453.8,196.1,38.708744,-8.395264,14.6,5214,A3
2025-08-30T08:15:00.500000,407567,,,,,,,207.6,,A3
2025-08-30T08:15:00.500000,484f6d,,37000,450.6,200.5,,,4.1,3736,A3
2025-08-30T08:15:00.500000,4951cd,TAP640,33050,463.2,45.3,40.315495,-7.190614,0.1,4704,A3
2025-08-30T08:15:00.500000,48597d,,,,,,,201.8,,A3
2025-08-30T08:15:00.500000,44014a,,,,,,,272.8,,A3
2025-08-30T08:15:00.500000,39e680,,,,,,,185.1,,A3
2025-08-30T08:16:01,495304,TAP34A,19125,381.9,44.4,39.270909,-8.542908,0.3,5466,A3
2025-08-30T08:16:01,48c2ac,RYR4423,10350,277.2,240.4,,,56.1,0614,
2025-08-30T08:16:01,407930,,,,,,,56.6,2133,
2025-08-30T08:16:01,47bf9d,,,,,,,184.6,,
2025-08-30T08:16:01,4078fd,,33000,,,,,18.0,2270,A3
2025-08-30T08:16:01,ab5fc9,,,,,,,32.0,,
2025-08-30T08:16:01,407e53,,35000,455.5,208.3,41.841663,-8.599165,6.8,,
2025-08-30T08:16:01,4cad3b,RYR1768,21575,397.1,64.0,39.240278,-8.067688,20.8,3363,A3
2025-08-30T08:16:01,4078f0,EZY59NZ,35025,458.5,196.3,39.459679,-8.110352,5.3,5411,A3
2025-08-30T08:16:01,503e6a,TRA21H,35000,441.0,213.4,39.377518,-8.694246,0.0,7113,A3
2025-08-30T08:16:01,4951d4,,,,,,,146.8,,A3
2025-08-30T08:16:01,3d06d4,,,,,,,120.2,,
2025-08-30T08:16:01,39de46,,,,,,,80.3,,A3
2025-08-30T08:16:01,4ca6aa,RYR7243,36000,433.6,355.1,39.629501,-8.355896,0.0,2001,A3
2025-08-30T08:16:01,4951ca,,,,,,,175.5,,A3
2025-08-30T08:16:01,406f86,,,,,,,75.2,,A3
2025-08-30T08:16:01,407567,,,,,,,268.2,,A3
2025-08-30T08:16:01,484f6d,,37000,450.6,200.5,,,15.3,2704,A3
2025-08-30T08:16:01,4951cd,TAP640,33975,463.2,45.3,40.407063,-7.069889,0.2,4704,A3
2025-08-30T08:16:01,48597d,,,,,,,262.4,,A3
2025-08-30T08:16:01,39e680,,,,,,,245.6,,A3
2025-08-30T08:17:00.500000,48c2a7,,37000,451.6,216.7,,,0.0,3575,
2025-08-30T08:17:00.500000,495304,TAP34A,21225,391.0,44.5,39.34845,-8.444964,0.0,5466,A3
2025-08-30T08:17:00.500000,48c2ac,,,,,,,115.5,,
2025-08-30T08:17:00.500000,407930,,,,,,,30.7,,
2025-08-30T08:17:00.500000,47bf9d,,,,,,,244.0,,
2025-08-30T08:17:00.500000,4078fd,EXS14J,32600,453.4,184.6,38.714447,-7.552563,29.9,2270,A3
2025-08-30T08:17:00.500000,ab5fc9,,,,,,,91.5,,
2025-08-30T08:17:00.500000,407e53,,35000,,,,,57.4,,
2025-08-30T08:17:00.500000,4cad3b,RYR1768,23850,415.9,64.1,39.304413,-7.899468,0.1,3363,A3
2025-08-30T08:17:00.500000,4078f0,EZY59NZ,35025,458.1,196.6,39.352753,-8.151079,2.4,5411,A3
2025-08-30T08:17:00.500000,503e6a,TRA21H,35000,441.0,213.4,39.306894,-8.754395,11.1,7113,A3
2025-08-30T08:17:00.500000,4951d4,,,,,,,206.2,,A3
2025-08-30T08:17:00.500000,3d06d4,,,,,,,179.6,,
2025-08-30T08:17:00.500000,39de46,,,,,,,43.1,,A3
2025-08-30T08:17:00.500000,4ca6aa,RYR7243,36000,432.5,355.2,39.746567,-8.369015,0.2,2001,A3
2025-08-30T08:17:00.500000,4951ca,,,,,,,234.9,,A3
2025-08-30T08:17:00.500000,406f86,,,,,,,134.6,,A3
2025-08-30T08:17:00.500000,484f6d,,,,,,,28.0,,A3
2025-08-30T08:17:00.500000,4951cd,TAP640,34000,465.3,45.3,40.429642,-7.040161,10.0,4704,A3
2025-08-30T08:18:01.300000,4952c9,TAP868,17950,374.8,63.4,39.069664,-8.517578,0.1,5234,A3
2025-08-30T08:18:01.300000,48c2a7,RYR67BX,37000,451.0,216.6,40.466743,-7.852915,3.7,3575,A3
2025-08-30T08:18:01.300000,495304,TAP34A,23100,403.1,44.6,39.426682,-8.345728,0.1,5466,A3
2025-08-30T08:18:01.300000,48c2ac,,,,,,,176.4,,
2025-08-30T08:18:01.300000,407930,,,,,,,91.5,,
2025-08-30T08:18:01.300000,4078fd,,32150,,,38.626952,-7.561462,48.9,,A3
2025-08-30T08:18:01.300000,ab5fc9,,,,,,,152.3,,
2025-08-30T08:18:01.300000,407e53,,34975,454.8,201.5,41.59433,-8.732633,3.5,,
2025-08-30T08:18:01.300000,4cad3b,RYR1768,25150,421.3,64.1,39.34053,-7.803875,6.6,3363,A3
2025-08-30T08:18:01.300000,4078f0,EZY59NZ,35000,457.3,196.3,39.202103,-8.208101,0.1,5411,A3
2025-08-30T08:18:01.300000,503e6a,,,,,,,72.0,,A3
2025-08-30T08:18:01.300000,4951d4,,,,,,,267.1,,A3
2025-08-30T08:18:01.300000,3d06d4,,,,,,,240.5,,
2025-08-30T08:18:01.300000,39de46,,,,,,,103.9,,A3
2025-08-30T08:18:01.300000,4ca6aa,RYR7243,36000,432.4,355.4,39.87134,-8.382263,0.0,2001,A3
2025-08-30T08:18:01.300000,4951ca,,30900,439.8,45.0,,,0.1,5233,A3
2025-08-30T08:18:01.300000,406f86,,,,,,,195.5,,A3
2025-08-30T08:18:01.300000,484f6d,,,,,,,54.6,,A3
2025-08-30T08:18:01.300000,4951cd,,,,,,,70.8,,A3
2025-08-30T08:19:00.400000,4ca2ad,RYR62EA,33200,408.3,209.3,40.25029,-8.382202,0.1,5407,A3
2025-08-30T08:19:00.400000,4952c9,TAP868,19950,387.3,63.6,39.115356,-8.40072,1.3,5234,A3
2025-08-30T08:19:00.400000,48c2a7,,,,,,,62.8,,A3
2025-08-30T08:19:00.400000,495304,TAP34A,24975,411.5,44.6,39.507534,-8.242981,0.1,5466,A3
2025-08-30T08:19:00.400000,48c2ac,,,,,,,235.5,,
2025-08-30T08:19:00.400000,407930,,,,,,,150.7,,
2025-08-30T08:19:00.400000,4078fd,,,,,,,108.0,,A3
2025-08-30T08:19:00.400000,ab5fc9,,,,,,,211.5,,
2025-08-30T08:19:00.400000,407e53,,34975,454.8,201.5,41.59433,-8.732633,36.6,,
2025-08-30T08:19:00.400000,4cad3b,,28025,413.3,64.2,,,1.7,,A3
2025-08-30T08:19:00.400000,4078f0,EZY59NZ,34975,457.3,196.3,39.081255,-8.253296,0.3,5411,A3
2025-08-30T08:19:00.400000,503e6a,,,,,,,131.1,,A3
2025-08-30T08:19:00.400000,3d06d4,,,,,,,299.6,,
2025-08-30T08:19:00.400000,39de46,,,,,,,163.1,,A3
2025-08-30T08:19:00.400000,4ca6aa,RYR7243,36000,431.3,355.5,39.987255,-8.394553,1.0,2001,A3
2025-08-30T08:19:00.400000,4951ca,TAP752,31900,445.5,45.2,40.161919,-7.39692,0.1,5233,A3
2025-08-30T08:19:00.400000,406f86,,,,,,,254.6,,A3
2025-08-30T08:19:00.400000,484f6d,,,,,,,113.7,,A3
2025-08-30T08:19:00.400000,4951cd,,,,,,,130.0,,A3
2025-08-30T08:20:01.300000,495290,TAP882,14975,340.5,65.2,39.037216,-8.633045,0.3,5257,A3
2025-08-30T08:20:01.300000,4ca2ad,RYR62EA,32075,409.6,209.1,40.143768,-8.459839,0.3,5407,A3
2025-08-30T08:20:01.300000,4952c9,TAP868,22150,399.8,63.9,39.165756,-8.269242,0.1,5234,A3
2025-08-30T08:20:01.300000,48c2a7,,,,,,,123.7,,A3
2025-08-30T08:20:01.300000,495304,TAP34A,26675,422.1,44.7,39.59111,-8.135973,0.0,5466,A3
2025-08-30T08:20:01.300000,48c2ac,,,,,,,296.4,,
2025-08-30T08:20:01.300000,407930,,,,,,,211.5,,
2025-08-30T08:20:01.300000,4078fd,,,,,,,168.9,,A3
2025-08-30T08:20:01.300000,ab5fc9,,,,,,,272.3,,
2025-08-30T08:20:01.300000,407e53,,,,,,,97.4,,
2025-08-30T08:20:01.300000,4cad3b,RYR1768,29025,415.1,64.3,39.421599,-7.588013,25.5,4715,A3
2025-08-30T08:20:01.300000,4078f0,EZY59NZ,35000,457.3,196.3,38.959382,-8.298889,0.9,5411,A3
2025-08-30T08:20:01.300000,503e6a,,,,,,,192.0,,A3
2025-08-30T08:20:01.300000,39de46,,,,,,,223.9,,A3
2025-08-30T08:20:01.300000,4ca6aa,,36000,431.5,355.2,40.109874,-8.407662,0.2,2001,A3
2025-08-30T08:20:01.300000,4951ca,TAP752,32650,451.8,45.3,40.250244,-7.280762,0.0,5233,A3
2025-08-30T08:20:01.300000,484f6d,,,,,,,174.6,,A3
2025-08-30T08:20:01.300000,4951cd,,,,,,,190.8,,A3
2025-08-30T08:21:01.500000,495290,TAP882,16575,370.5,65.4,39.080138,-8.513489,0.0,5257,A3
2025-08-30T08:21:01.500000,4ca2ad,RYR62EA,31075,401.5,209.1,40.045578,-8.530762,0.2,5407,A3
2025-08-30T08:21:01.500000,4952c9,TAP868,24150,410.6,64.0,39.215652,-8.138361,0.0,5234,A3
2025-08-30T08:21:01.500000,48c2a7,,,,,,,183.9,,A3
2025-08-30T08:21:01.500000,495304,TAP34A,28175,429.2,44.7,39.675215,-8.028198,0.6,5466,A3
2025-08-30T08:21:01.500000,407930,,,,,,,271.8,,
2025-08-30T08:21:01.500000,4078fd,,,,,,,229.1,,A3
2025-08-30T08:21:01.500000,407e53,,,,,,,157.7,,
2025-08-30T08:21:01.500000,4cad3b,,,,,,,85.7,,A3
2025-08-30T08:21:01.500000,4078f0,EZY59NZ,35000,456.3,196.3,38.93074,-8.309605,4.3,5411,A3
2025-08-30T08:21:01.500000,503e6a,,,,,,,252.2,,A3
2025-08-30T08:21:01.500000,39de46,,,,,,,284.2,,A3
2025-08-30T08:21:01.500000,4ca6aa,RYR7243,36000,433.4,355.4,40.229327,-8.420396,0.2,2001,A3
2025-08-30T08:21:01.500000,4951ca,TAP752,33450,455.4,45.4,40.338119,-7.164771,0.1,5233,A3
2025-08-30T08:21:01.500000,484f6d,,,,,,,234.8,,A3
2025-08-30T08:21:01.500000,4951cd,,,,,,,251.1,,A3
2025-08-30T08:22:01.600000,48597d,,38000,,,,,2.0,,
2025-08-30T08:22:01.600000,40756c,EZY96FE,39000,465.4,185.8,40.197718,-7.343923,1.7,2074,
2025-08-30T08:22:01.600000,495290,TAP882,18250,378.1,65.5,39.117462,-8.40878,6.7,5257,A3
2025-08-30T08:22:01.600000,4ca2ad,RYR62EA,30175,419.9,203.9,39.947159,-8.598938,0.3,5407,A3
2025-08-30T08:22:01.600000,4952c9,TAP868,25800,421.3,64.1,39.259415,-8.022647,2.0,5234,A3
2025-08-30T08:22:01.600000,48c2a7,,,,,,,244.0,,A3
2025-08-30T08:22:01.600000,495304,TAP34A,28300,434.9,44.7,39.689786,-8.00946,33.9,5466,A3
2025-08-30T08:22:01.600000,4078fd,,,,,,,289.2,,A3
2025-08-30T08:22:01.600000,407e53,,,,,,,217.8,,
2025-08-30T08:22:01.600000,4cad3b,,,,,,,145.8,,A3
2025-08-30T08:22:01.600000,4078f0,,35000,,,,,30.7,5411,A3
2025-08-30T08:22:01.600000,4ca6aa,RYR7243,36000,434.4,355.4,40.350083,-8.43313,0.2,2001,A3
2025-08-30T08:22:01.600000,4951ca,TAP752,34000,451.9,45.4,40.428989,-7.044484,0.0,5233,A3
2025-08-30T08:22:01.600000,484f6d,,,,,,,294.9,,A3
2025-08-30T08:23:01.400000,34510a,IBE03LF,40000,479.7,93.0,39.926737,-8.880324,0.4,3762,A5
2025-08-30T08:23:01.400000,4cafc2,RYR48RY,7175,262.2,219.3,41.076996,-8.736128,11.4,4424,
2025-08-30T08:23:01.400000,48597d,,38000,452.6,26.2,,,21.3,4705,
2025-08-30T08:23:01.400000,40756c,EZY96FE,39000,465.4,185.8,40.105225,-7.356201,18.9,2074,
2025-08-30T08:23:01.400000,495290,TAP882,20300,389.1,63.8,39.168308,-8.273865,0.5,5257,A3
2025-08-30T08:23:01.400000,4ca2ad,RYR62EA,29400,437.0,203.7,39.838211,-8.661466,0.2,5407,A3
2025-08-30T08:23:01.400000,4952c9,TAP868,27525,437.0,64.1,39.317461,-7.868896,0.2,5234,A3
2025-08-30T08:23:01.400000,48c2a7,RYR67BX,27775,441.1,186.8,39.89699,-8.317566,0.3,3575,A3
2025-08-30T08:23:01.400000,495304,,,,,,,93.7,,A3
2025-08-30T08:23:01.400000,407e53,,,,,,,277.6,,
2025-08-30T08:23:01.400000,4cad3b,,,,,,,205.6,,A3
2025-08-30T08:23:01.400000,4078f0,,,,,,,90.5,,A3
2025-08-30T08:23:01.400000,4ca6aa,RYR7243,36000,435.5,355.3,40.467953,-8.445865,0.4,2001,A3
2025-08-30T08:23:01.400000,4951ca,TAP752,34000,450.4,45.4,40.471166,-6.988491,25.5,5233,A3
2025-08-30T08:24:01.400000,34510a,IBE03LF,40000,480.7,93.1,39.919708,-8.707214,0.2,3762,A5
2025-08-30T08:24:01.400000,4cafc2,,9175,278.9,220.2,41.03096,-8.787231,13.4,,
2025-08-30T08:24:01.400000,48597d,,,,,,,36.6,,
2025-08-30T08:24:01.400000,40756c,,,,,,,78.9,,
2025-08-30T08:24:01.400000,495290,TAP882,22075,400.3,64.1,39.216934,-8.145765,0.3,5257,A3
2025-08-30T08:24:01.400000,4ca2ad,RYR62EA,28400,433.9,203.8,39.72619,-8.725525,0.0,5407,A3
2025-08-30T08:24:01.400000,4952c9,TAP868,28650,441.0,64.2,39.33571,-7.820374,17.6,5234,A3
2025-08-30T08:24:01.400000,48c2a7,RYR67BX,26725,426.1,186.9,39.776962,-8.336593,0.0,3575,A3
2025-08-30T08:24:01.400000,495304,,,,,,,153.6,,A3
2025-08-30T08:24:01.400000,4cad3b,,,,,,,265.6,,A3
2025-08-30T08:24:01.400000,4078f0,,,,,,,150.5,,A3
2025-08-30T08:24:01.400000,4ca6aa,RYR7243,36000,436.4,355.4,40.590546,-8.459167,0.2,2001,A3
2025-08-30T08:24:01.400000,4951ca,,,,,,,85.5,,A3
2025-08-30T08:25:01.200000,40666a,EZY38KM,37025,468.9,185.1,40.220764,-7.368591,0.0,5425,A3
2025-08-30T08:25:01.200000,4cae94,RYR87LF,,,,,,19.9,2255,A3
2025-08-30T08:25:01.200000,34510a,IBE03LF,40000,481.8,93.2,39.912399,-8.533386,0.0,3762,A5
2025-08-30T08:25:01.200000,4cafc2,RYR48RY,10725,282.3,220.4,40.985092,-8.838562,36.0,4424,A3
2025-08-30T08:25:01.200000,48597d,,,,,,,96.4,,
2025-08-30T08:25:01.200000,40756c,,,,,,,138.7,,
2025-08-30T08:25:01.200000,495290,TAP882,23075,406.6,64.2,39.245818,-8.069214,16.3,5257,A3
2025-08-30T08:25:01.200000,4ca2ad,RYR62EA,25625,447.3,203.9,39.617294,-8.787689,0.2,5407,A3
2025-08-30T08:25:01.200000,4952c9,,,,,,,77.5,,A3
2025-08-30T08:25:01.200000,48c2a7,RYR67BX,25925,367.7,224.1,39.672775,-8.376478,0.1,3575,A3
2025-08-30T08:25:01.200000,495304,,,,,,,213.5,,A3
2025-08-30T08:25:01.200000,4078f0,,,,,,,210.3,,A3
2025-08-30T08:25:01.200000,4ca6aa,RYR7243,36000,435.5,355.3,40.660493,-8.466651,0.5,2001,A3
2025-08-30T08:25:01.200000,4951ca,,,,,,,145.3,,A3
2025-08-30T08:26:01.400000,3c64af,,14200,394.0,46.3,39.155506,-8.69397,0.0,4706,
2025-08-30T08:26:01.400000,4912d5,,10000,,,40.137726,-8.411621,0.9,,
2025-08-30T08:26:01.400000,40666a,EZY38KM,37000,470.0,185.2,40.097809,-7.383057,1.2,5425,A3
2025-08-30T08:26:01.400000,4cae94,,10725,,,,,21.0,,A3
2025-08-30T08:26:01.400000,34510a,IBE03LF,40000,479.8,93.3,39.904764,-8.359741,0.0,3762,A5
2025-08-30T08:26:01.400000,4cafc2,,,,,,,96.2,,A3
2025-08-30T08:26:01.400000,48597d,,,,,,,156.6,,
2025-08-30T08:26:01.400000,40756c,,,,,,,198.8,,
2025-08-30T08:26:01.400000,495290,,24525,415.1,64.3,39.289158,-7.954102,22.3,,A3
2025-08-30T08:26:01.400000,4ca2ad,RYR62EA,22175,450.8,203.9,39.501846,-8.853727,0.9,5407,A3
2025-08-30T08:26:01.400000,4952c9,,,,,,,137.6,,A3
2025-08-30T08:26:01.400000,48c2a7,RYR67BX,24900,362.2,219.6,39.607156,-8.473389,0.3,3575,A3
2025-08-30T08:26:01.400000,495304,,32975,468.8,45.1,,,4.5,,A3
2025-08-30T08:26:01.400000,4078f0,,,,,,,270.4,,A3
2025-08-30T08:26:01.400000,4ca6aa,,36000,435.5,355.3,40.806931,-8.482483,1.7,,A3
2025-08-30T08:26:01.400000,4951ca,,,,,,,205.4,,A3
2025-08-30T08:27:02,4400b3,,39025,453.9,195.2,39.060586,-7.278564,0.5,3733,
2025-08-30T08:27:02,408033,EXS15V,35000,466.1,196.5,40.108749,-7.876709,0.1,5244,
2025-08-30T08:27:02,3c64af,DLH91J,15275,441.3,46.3,39.236367,-8.58551,0.1,4706,A3
2025-08-30T08:27:02,40768a,EZY15WE,39000,456.7,184.9,40.200531,-7.383179,0.3,5230,A3
2025-08-30T08:27:02,4912d5,RVP951,10000,195.8,214.2,40.091718,-8.452981,0.1,1347,A1
2025-08-30T08:27:02,49514b,,22700,384.8,6.9,39.642163,-8.952942,2.0,4707,
2025-08-30T08:27:02,40666a,EZY38KM,37000,470.0,185.2,40.097809,-7.383057,40.2,5425,A3
2025-08-30T08:27:02,4cae94,,,,,,,81.6,,A3
2025-08-30T08:27:02,34510a,IBE03LF,40000,478.8,93.2,39.89713,-8.188049,0.3,3762,A5
2025-08-30T08:27:02,4cafc2,,,,,,,156.8,,A3
2025-08-30T08:27:02,48597d,,,,,,,217.2,,
2025-08-30T08:27:02,40756c,,,,,,,259.4,,
2025-08-30T08:27:02,495290,,,,,,,56.8,,A3
2025-08-30T08:27:02,4ca2ad,RYR62EA,22050,450.4,203.8,39.496455,-8.856873,7.5,,A3
2025-08-30T08:27:02,4952c9,,,,,,,198.2,,A3
2025-08-30T08:27:02,48c2a7,RYR67BX,23875,356.2,220.2,39.529274,-8.556824,0.0,3575,A3
2025-08-30T08:27:02,495304,,33925,472.4,45.3,40.210052,-7.333618,0.6,5466,A3
2025-08-30T08:27:02,4ca6aa,,36000,434.5,355.2,40.952911,-8.498474,0.2,2001,A3
2025-08-30T08:27:02,4951ca,,,,,,,266.0,,A3
2025-08-30T08:28:01.700000,4400b3,EJU34YX,39025,454.1,195.3,38.973816,-7.309132,12.2,3733,A3
2025-08-30T08:28:01.700000,408033,EXS15V,35000,464.8,196.4,39.978104,-7.926697,0.2,5244,A3
2025-08-30T08:28:01.700000,3c64af,DLH91J,16950,456.2,46.3,39.322678,-8.469265,0.1,4706,A3
2025-08-30T08:28:01.700000,40768a,EZY15WE,39000,456.8,185.1,40.112527,-7.393175,9.7,5230,A3
2025-08-30T08:28:01.700000,4912d5,RVP951,10100,197.5,214.9,40.046814,-8.493042,0.0,1347,A1
2025-08-30T08:28:01.700000,49514b,TAP1356,24925,380.8,6.9,39.758544,-8.934814,0.1,4707,A3
2025-08-30T08:28:01.700000,40666a,,,,,,,99.9,,A3
2025-08-30T08:28:01.700000,4cae94,,8850,,,,,30.4,,A3
2025-08-30T08:28:01.700000,34510a,IBE03LF,40000,479.9,93.5,39.889114,-8.014885,0.2,3762,A5
2025-08-30T08:28:01.700000,4cafc2,,,,,,,216.5,,A3
2025-08-30T08:28:01.700000,48597d,,,,,,,276.9,,
2025-08-30T08:28:01.700000,495290,,,,,,,116.5,,A3
2025-08-30T08:28:01.700000,4ca2ad,,,,,,,67.2,,A3
2025-08-30T08:28:01.700000,4952c9,,,,,,,257.9,,A3
2025-08-30T08:28:01.700000,48c2a7,RYR67BX,22875,350.2,219.6,39.454971,-8.637762,0.2,3575,A3
2025-08-30T08:28:01.700000,495304,,34000,468.1,45.3,40.210052,-7.333618,4.2,5466,A3
2025-08-30T08:28:01.700000,4ca6aa,RYR7243,36000,433.5,355.2,40.969116,-8.500244,8.1,2001,A3
2025-08-30T08:29:00.700000,4854c7,,37000,450.2,216.1,,,0.2,3716,
2025-08-30T08:29:00.700000,345686,,35025,443.8,239.4,,,10.0,,
2025-08-30T08:29:00.700000,4400b3,,,,,,,71.2,,A3
2025-08-30T08:29:00.700000,408033,EXS15V,34975,464.8,196.4,39.915985,-7.95034,27.1,5244,A3
2025-08-30T08:29:00.700000,3c64af,DLH91J,18550,466.7,44.5,39.411804,-8.354685,0.0,4706,A3
2025-08-30T08:29:00.700000,40768a,,,,,,,68.7,5230,A3
2025-08-30T08:29:00.700000,4912d5,RVP951,10000,197.2,214.3,40.004433,-8.531071,0.1,1347,A1
2025-08-30T08:29:00.700000,49514b,TAP1356,25975,410.9,6.8,39.877718,-8.916321,0.0,4707,A3
2025-08-30T08:29:00.700000,40666a,,,,,,,159.0,,A3
2025-08-30T08:29:00.700000,4cae94,,,,,,,89.4,,A3
2025-08-30T08:29:00.700000,34510a,IBE03LF,40000,479.9,93.5,39.887214,-7.97406,45.2,3762,A5
2025-08-30T08:29:00.700000,4cafc2,,,,,,,275.5,,A3
2025-08-30T08:29:00.700000,495290,,,,,,,175.6,,A3
2025-08-30T08:29:00.700000,4ca2ad,,,,,,,126.2,,A3
2025-08-30T08:29:00.700000,48c2a7,RYR67BX,21575,340.1,219.9,39.381958,-8.716039,0.1,3575,A3
2025-08-30T08:29:00.700000,495304,,34000,469.5,45.3,,,23.1,5466,A3
2025-08-30T08:29:00.700000,4ca6aa,,,,,,,2.7,,A3
2025-08-30T08:30:00.800000,495065,AZU8002,38200,465.5,15.3,39.554692,-8.853394,0.3,4477,
2025-08-30T08:30:00.800000,34750f,AEA24HA,16025,349.8,65.0,39.066359,-8.543152,1.2,3366,
2025-08-30T08:30:00.800000,4854c7,TRA32P,36975,449.7,216.0,40.461809,-7.869769,0.6,3716,A3
2025-08-30T08:30:00.800000,345686,IBS15RZ,35050,446.2,228.3,,,27.3,,A3
2025-08-30T08:30:00.800000,4400b3,,,,,,,131.3,,A3
2025-08-30T08:30:00.800000,408033,,,,,,,87.2,,A3
2025-08-30T08:30:00.800000,3c64af,DLH91J,20125,476.6,44.5,39.50502,-8.236511,0.2,4706,A3
2025-08-30T08:30:00.800000,40768a,,,,,,,128.8,,A3
2025-08-30T08:30:00.800000,4912d5,RVP951,10000,197.8,214.5,39.964462,-8.566833,9.6,1347,A1
2025-08-30T08:30:00.800000,49514b,TAP1356,27375,415.1,7.1,39.985886,-8.89917,2.8,4707,A3
2025-08-30T08:30:00.800000,40666a,,,,,,,219.0,,A3
2025-08-30T08:30:00.800000,4cae94,,,,,,,149.5,,A3
2025-08-30T08:30:00.800000,34510a,,,,,,,105.2,,A5
2025-08-30T08:30:00.800000,495290,,,,,,,235.6,,A3
2025-08-30T08:30:00.800000,4ca2ad,,,,,,,186.3,,A3
2025-08-30T08:30:00.800000,48c2a7,RYR67BX,20575,334.2,220.3,39.336227,-8.765537,20.9,3575,A3
2025-08-30T08:30:00.800000,495304,,,,,,,59.4,,A3
2025-08-30T08:30:00.800000,4ca6aa,,,433.5,355.2,,,28.3,,A3
2025-08-30T08:31:01.100000,495065,AZU8002,35725,473.1,15.4,39.681826,-8.808105,0.2,4477,A5
2025-08-30T08:31:01.100000,34750f,AEA24HA,16925,383.0,65.0,39.087387,-8.485386,11.3,3366,A3
2025-08-30T08:31:01.100000,4854c7,TRA32P,36175,450.5,215.9,40.377875,-7.94942,4.2,3716,A3
2025-08-30T08:31:01.100000,345686,IBS15RZ,34975,448.0,215.0,39.064264,-7.36377,0.3,2643,A3
2025-08-30T08:31:01.100000,4400b3,,,454.1,195.3,,,34.2,,A3
2025-08-30T08:31:01.100000,408033,EXS15V,35000,465.8,196.3,39.617798,-8.063487,3.9,5244,A3
2025-08-30T08:31:01.100000,3c64af,DLH91J,21575,485.8,44.6,39.600906,-8.114597,0.3,4706,A3
2025-08-30T08:31:01.100000,40768a,,,,,,,189.1,,A3
2025-08-30T08:31:01.100000,4912d5,,10000,,,39.964462,-8.566833,30.5,,A1
2025-08-30T08:31:01.100000,49514b,TAP1356,28675,423.1,6.9,40.106708,-8.880137,0.2,4707,A3
2025-08-30T08:31:01.100000,40666a,EZY38KM,,,,,,39.4,,A3
2025-08-30T08:31:01.100000,4cae94,,,,,,,209.8,,A3
2025-08-30T08:31:01.100000,34510a,,,,,,,165.5,,A5
2025-08-30T08:31:01.100000,495290,,,,,,,295.9,,A3
2025-08-30T08:31:01.100000,4ca2ad,,,,,,,246.6,,A3
2025-08-30T08:31:01.100000,48c2a7,,,,,,,81.2,,A3
2025-08-30T08:31:01.100000,495304,,,,,,,119.7,,A3
2025-08-30T08:31:01.100000,4ca6aa,,36000,433.6,355.1,,,18.9,,A3
2025-08-30T08:32:00.800000,4951cc,TAP1030,15050,329.4,65.6,39.044526,-8.621765,0.4,4421,A3
2025-08-30T08:32:00.800000,4951ce,,35000,443.4,216.4,,,15.8,,
2025-08-30T08:32:00.800000,495065,AZU8002,34875,475.3,15.5,39.809891,-8.762268,0.1,4477,A5
2025-08-30T08:32:00.800000,34750f,,19250,,,39.150618,-8.307251,10.6,,A3
2025-08-30T08:32:00.800000,4854c7,,,,,,,58.1,,A3
2025-08-30T08:32:00.800000,345686,IBS15RZ,34975,445.3,215.4,39.004395,-7.41822,16.3,2643,A3
2025-08-30T08:32:00.800000,4400b3,,,,,,,94.0,,A3
2025-08-30T08:32:00.800000,408033,EXS15V,35025,466.8,196.3,39.48349,-8.113941,0.0,5244,A3
2025-08-30T08:32:00.800000,3c64af,,22500,489.3,44.7,39.622696,-8.086773,21.7,,A3
2025-08-30T08:32:00.800000,40768a,,,,,,,248.8,,A3
2025-08-30T08:32:00.800000,4912d5,RVP951,10100,198.6,214.3,39.867233,-8.653405,1.3,1347,A1
2025-08-30T08:32:00.800000,49514b,TAP1356,30075,422.1,6.9,40.223785,-8.861511,0.1,4707,A3
2025-08-30T08:32:00.800000,40666a,,37000,468.9,185.1,,,17.7,,A3
2025-08-30T08:32:00.800000,4cae94,,,,,,,269.5,,A3
2025-08-30T08:32:00.800000,34510a,,,,,,,225.3,,A5
2025-08-30T08:32:00.800000,48c2a7,,,,,,,58.8,,A3
2025-08-30T08:32:00.800000,495304,,,,,,,179.5,,A3
2025-08-30T08:32:00.800000,4ca6aa,,,,,,,44.8,,A3
2025-08-30T08:33:00.600000,4891b8,,6175,285.9,107.9,41.097015,-8.609863,0.2,2212,
2025-08-30T08:33:00.600000,4951cc,TAP1030,17175,336.1,65.6,39.084793,-8.50824,0.0,4421,A3
2025-08-30T08:33:00.600000,4951ce,,,,,,,2.2,,
2025-08-30T08:33:00.600000,495065,AZU8002,31700,475.3,15.5,39.937317,-8.716553,0.1,4477,A5
2025-08-30T08:33:00.600000,34750f,AEA24HA,21750,427.9,65.7,39.206574,-8.148315,0.4,3366,A3
2025-08-30T08:33:00.600000,4854c7,,,,,,,117.9,,A3
2025-08-30T08:33:00.600000,345686,,34975,443.9,214.9,38.891556,-7.519903,3.5,,A3
2025-08-30T08:33:00.600000,4400b3,,,,,,,153.7,,A3
2025-08-30T08:33:00.600000,408033,EXS15V,35000,465.8,196.3,39.369644,-8.156752,2.1,5244,A3
2025-08-30T08:33:00.600000,3c64af,,,,,,,51.5,,A3
2025-08-30T08:33:00.600000,4912d5,RVP951,10000,198.1,215.1,39.821228,-8.694425,0.2,1347,A1
2025-08-30T08:33:00.600000,49514b,TAP1356,30775,436.1,6.8,40.340881,-8.842896,0.1,4707,A3
2025-08-30T08:33:00.600000,40666a,,37000,470.9,185.1,,,0.1,5425,A3
2025-08-30T08:33:00.600000,34510a,,,,,,,285.0,,A5
2025-08-30T08:33:00.600000,48c2a7,,,,,,,118.5,,A3
2025-08-30T08:33:00.600000,495304,,,,,,,239.2,,A3
2025-08-30T08:33:00.600000,4ca6aa,RYR7243,36000,,,,,26.9,,A3
2025-08-30T08:34:01.200000,40768a,,39025,,,,,38.3,,
2025-08-30T08:34:01.200000,4891b8,ENT771,9175,312.0,77.0,41.113074,-8.500422,0.1,2212,A3
2025-08-30T08:34:01.200000,4951cc,TAP1030,18450,357.3,63.9,39.123618,-8.406189,0.3,4421,A3
2025-08-30T08:34:01.200000,4951ce,,,,,,,50.9,,
2025-08-30T08:34:01.200000,495065,AZU8002,29000,470.9,15.4,40.064758,-8.670715,0.0,4477,A5
2025-08-30T08:34:01.200000,34750f,AEA24HA,23575,438.6,65.8,39.231666,-8.076721,6.0,3366,A3
2025-08-30T08:34:01.200000,4854c7,,,,,,,178.5,,A3
2025-08-30T08:34:01.200000,345686,IBS15RZ,34975,443.6,215.1,38.765991,-7.632274,1.3,2643,A3
2025-08-30T08:34:01.200000,4400b3,,,,,,,214.4,,A3
2025-08-30T08:34:01.200000,408033,EXS15V,35000,465.5,196.2,39.235623,-8.20697,0.2,5244,A3
2025-08-30T08:34:01.200000,3c64af,,,,,,,112.1,,A3
2025-08-30T08:34:01.200000,4912d5,RVP951,10000,199.4,214.2,39.775349,-8.73584,0.1,1347,A1
2025-08-30T08:34:01.200000,49514b,TAP1356,31425,449.3,6.9,40.464706,-8.823425,0.1,4707,A3
2025-08-30T08:34:01.200000,40666a,EZY38KM,37025,472.9,185.1,39.056763,-7.504677,0.3,5425,A3
2025-08-30T08:34:01.200000,48c2a7,,,,,,,179.1,,A3
2025-08-30T08:34:01.200000,495304,,,,,,,299.8,,A3
2025-08-30T08:34:01.200000,4ca6aa,,,,,,,87.5,,A3
2025-08-30T08:35:00.600000,40768a,,,,,,,97.6,,
2025-08-30T08:35:00.600000,4891b8,ENT771,10750,341.6,77.1,41.127366,-8.418024,14.4,2212,A3
2025-08-30T08:35:00.600000,4951cc,TAP1030,19325,399.8,64.2,39.172577,-8.276765,0.6,4421,A3
2025-08-30T08:35:00.600000,4951ce,,,,,,,110.2,,
2025-08-30T08:35:00.600000,495065,AZU8002,27025,451.5,15.5,40.186844,-8.626526,0.0,4477,A5
2025-08-30T08:35:00.600000,34750f,AEA24HA,25575,452.5,65.9,39.306708,-7.861694,0.5,3366,A3
2025-08-30T08:35:00.600000,4854c7,TRA32P,28400,415.9,210.3,39.962357,-8.317871,0.1,3716,A3
2025-08-30T08:35:00.600000,345686,IBS15RZ,35000,444.4,215.0,38.721771,-7.67192,31.9,2643,A3
2025-08-30T08:35:00.600000,4400b3,,,,,,,273.7,,A3
2025-08-30T08:35:00.600000,408033,EXS15V,35000,464.3,196.1,39.113423,-8.25238,0.0,5244,A3
2025-08-30T08:35:00.600000,3c64af,,,,,,,171.4,,A3
2025-08-30T08:35:00.600000,4912d5,RVP951,10100,198.9,215.0,39.73038,-8.776001,0.0,1347,A1
2025-08-30T08:35:00.600000,49514b,TAP1356,32175,457.3,6.9,40.589905,-8.803406,0.1,4707,A3
2025-08-30T08:35:00.600000,40666a,,37025,472.9,185.1,39.056763,-7.504677,0.2,5425,A3
2025-08-30T08:35:00.600000,48c2a7,,,,,,,238.5,,A3
2025-08-30T08:35:00.600000,4ca6aa,,36000,,,,,1.8,,A3
2025-08-30T08:36:01.100000,40631b,,7900,231.7,282.7,41.108826,-8.730774,23.7,5444,
2025-08-30T08:36:01.100000,3c1bae,BCS18K,31350,446.7,245.7,39.120499,-7.580261,0.3,0455,A5
2025-08-30T08:36:01.100000,40768a,,,,,,,158.1,,
2025-08-30T08:36:01.100000,4891b8,,,,,,,74.9,,A3
2025-08-30T08:36:01.100000,4951cc,TAP1030,21000,407.5,64.3,39.221145,-8.147461,0.1,4421,A3
2025-08-30T08:36:01.100000,4951ce,,,,,,,170.7,,
2025-08-30T08:36:01.100000,495065,AZU8002,25025,436.0,15.6,40.307209,-8.583069,0.0,4477,A5
2025-08-30T08:36:01.100000,34750f,AEA24HA,26700,454.4,66.0,39.322815,-7.81528,23.7,3366,A3
2025-08-30T08:36:01.100000,4854c7,TRA32P,26575,404.3,215.5,39.866226,-8.405974,0.0,3716,A3
2025-08-30T08:36:01.100000,345686,,,,,,,92.4,,A3
2025-08-30T08:36:01.100000,408033,EXS15V,35000,464.3,196.1,39.027813,-8.28418,9.5,5244,A3
2025-08-30T08:36:01.100000,3c64af,DLH91J,28900,469.5,44.8,,,19.0,,A3
2025-08-30T08:36:01.100000,4912d5,RVP951,10100,198.6,214.3,39.684526,-8.81665,0.2,1347,A1
2025-08-30T08:36:01.100000,49514b,TAP1356,33275,453.3,7.0,40.716449,-8.782883,0.0,4707,A3
2025-08-30T08:36:01.100000,40666a,,37000,471.9,185.1,38.842392,-7.529158,17.4,5425,A3
2025-08-30T08:36:01.100000,48c2a7,,,,,,,299.0,,A3
2025-08-30T08:36:01.100000,4ca6aa,,36000,,,,,62.3,,A3
2025-08-30T08:37:01.200000,4952c8,TAP430,13500,430.8,46.4,39.170151,-8.679916,0.5,2031,A3
2025-08-30T08:37:01.200000,4ca61c,,,,,,,14.2,,
2025-08-30T08:37:01.200000,495279,,14875,370.2,271.9,38.990246,-9.535095,39.3,4422,
2025-08-30T08:37:01.200000,3c7b01,VJH772,32375,438.8,233.3,39.067522,-7.502808,0.2,4003,A2
2025-08-30T08:37:01.200000,40631b,,,,,,,37.5,,
2025-08-30T08:37:01.200000,3c1bae,BCS18K,31150,447.6,245.7,39.110304,-7.609314,46.9,0455,A5
2025-08-30T08:37:01.200000,40768a,,,,,,,218.3,,
2025-08-30T08:37:01.200000,4891b8,,,,,,,135.1,,A3
2025-08-30T08:37:01.200000,4951cc,TAP1030,22525,417.3,64.3,39.248937,-8.073486,0.6,4421,A3
2025-08-30T08:37:01.200000,4951ce,TAP757P,28800,418.6,215.0,39.942902,-8.35144,0.2,0744,A3
2025-08-30T08:37:01.200000,495065,AZU8002,24200,387.5,15.7,40.415815,-8.543431,0.1,4477,A5
2025-08-30T08:37:01.200000,34750f,,28725,470.5,66.0,39.406631,-7.572804,2.7,3366,A3
2025-08-30T08:37:01.200000,4854c7,TRA32P,25575,393.7,215.4,39.775861,-8.489319,0.0,3716,A3
2025-08-30T08:37:01.200000,345686,,,,,,,52.0,,A3
2025-08-30T08:37:01.200000,408033,EXS15V,35000,463.3,196.2,38.868465,-8.343201,2.6,5244,A3
2025-08-30T08:37:01.200000,3c64af,,30375,477.3,45.1,40.168623,-7.382313,2.7,4706,A3
2025-08-30T08:37:01.200000,4912d5,RVP951,10000,198.3,214.7,39.638947,-8.85713,0.1,1347,A1
2025-08-30T08:37:01.200000,49514b,TAP1356,33975,449.4,7.0,40.833847,-8.763916,0.6,4707,A3
2025-08-30T08:37:01.200000,40666a,EZY38KM,36025,472.0,185.2,38.713898,-7.543846,0.4,5425,A3
2025-08-30T08:37:01.200000,4ca6aa,,,,,,,122.4,,A3
2025-08-30T08:38:01.300000,4ca8db,RYR7WL,37000,458.8,196.5,40.092865,-7.870544,0.1,5420,A3
2025-08-30T08:38:01.300000,4d2501,,31450,428.5,355.2,,,1.2,5422,
2025-08-30T08:38:01.300000,4952c8,TAP430,15675,437.9,46.6,39.253312,-8.567139,0.1,2031,A3
2025-08-30T08:38:01.300000,4ca61c,,,,,,,45.1,,
2025-08-30T08:38:01.300000,495279,,,,,,,99.4,,
2025-08-30T08:38:01.300000,3c7b01,VJH772,32300,439.6,233.4,39.061191,-7.513672,50.3,4003,A2
2025-08-30T08:38:01.300000,40631b,,,,,,,97.6,,
2025-08-30T08:38:01.300000,3c1bae,,29675,,,,,25.7,,A5
2025-08-30T08:38:01.300000,40768a,,,,,,,278.3,,
2025-08-30T08:38:01.300000,4891b8,,,,,,,195.2,,A3
2025-08-30T08:38:01.300000,4951cc,TAP1030,23975,428.0,64.4,39.323001,-7.875,0.1,4421,A3
2025-08-30T08:38:01.300000,4951ce,TAP757P,27825,414.2,215.1,39.847733,-8.438157,0.0,0744,A3
2025-08-30T08:38:01.300000,495065,AZU8002,22225,357.1,15.6,40.515564,-8.506836,0.2,4477,A5
2025-08-30T08:38:01.300000,34750f,,29675,469.2,66.1,39.416152,-7.545105,39.6,,A3
2025-08-30T08:38:01.300000,4854c7,TRA32P,24550,390.9,215.3,39.687012,-8.570888,0.0,3716,A3
2025-08-30T08:38:01.300000,345686,,,,,,,112.1,,A3
2025-08-30T08:38:01.300000,408033,,35025,,,38.868465,-8.343201,25.9,,A3
2025-08-30T08:38:01.300000,3c64af,DLH91J,31650,472.3,45.2,40.259811,-7.263123,0.1,4706,A3
2025-08-30T08:38:01.300000,4912d5,RVP951,10100,197.2,214.3,39.593719,-8.897075,0.3,1347,A1
2025-08-30T08:38:01.300000,49514b,TAP1356,34000,448.4,7.0,40.963083,-8.74312,0.2,4707,A3
2025-08-30T08:38:01.300000,40666a,,,,,,,60.5,,A3
2025-08-30T08:38:01.300000,4ca6aa,,,,,,,182.5,,A3
2025-08-30T08:39:01.600000,4d2246,,34100,417.6,208.8,,,0.1,7704,
2025-08-30T08:39:01.600000,345107,VLG9ZP,33975,431.1,347.0,,,28.9,4625,A3
2025-08-30T08:39:01.600000,4ca8db,RYR7WL,37000,457.8,196.5,39.968122,-7.918583,0.0,5420,A3
2025-08-30T08:39:01.600000,4d2501,,32775,435.6,355.1,38.716278,-8.242194,0.6,5422,
2025-08-30T08:39:01.600000,4952c8,TAP430,17425,447.8,46.5,39.339066,-8.450576,0.0,2031,A3
2025-08-30T08:39:01.600000,4ca61c,,,,,,,105.4,,
2025-08-30T08:39:01.600000,495279,,,,,,,159.6,,
2025-08-30T08:39:01.600000,3c7b01,,30925,446.4,233.7,,,6.4,4003,A2
2025-08-30T08:39:01.600000,40631b,,,,,,,157.9,,
2025-08-30T08:39:01.600000,3c1bae,,26525,449.3,245.5,39.002975,-7.91141,21.8,0455,A5
2025-08-30T08:39:01.600000,4891b8,,,,,,,255.4,,A3
2025-08-30T08:39:01.600000,4951cc,TAP1030,24750,431.2,64.4,39.350372,-7.801248,26.0,4421,A3
2025-08-30T08:39:01.600000,4951ce,TAP757P,26850,406.4,215.0,39.754168,-8.523132,0.1,0744,A3
2025-08-30T08:39:01.600000,495065,AZU8002,20025,345.7,15.6,40.600627,-8.475827,1.8,4477,A5
2025-08-30T08:39:01.600000,34750f,,,,,,,99.9,,A3
2025-08-30T08:39:01.600000,4854c7,TRA32P,23625,399.3,215.5,39.597977,-8.65239,0.0,3716,A3
2025-08-30T08:39:01.600000,345686,,,,,,,172.4,,A3
2025-08-30T08:39:01.600000,408033,,,,,,,86.2,,A3
2025-08-30T08:39:01.600000,3c64af,DLH91J,32850,468.8,45.3,40.358826,-7.133057,0.2,4706,A3
2025-08-30T08:39:01.600000,4912d5,RVP951,10100,196.4,214.4,39.558043,-8.928589,13.7,1347,A1
2025-08-30T08:39:01.600000,49514b,TAP1356,34000,450.5,7.1,41.076205,-8.724892,3.8,4707,A3
2025-08-30T08:39:01.600000,40666a,,,,,,,120.7,,A3
2025-08-30T08:39:01.600000,4ca6aa,,,,,,,242.8,,A3
2025-08-30T08:40:00.800000,407f65,EZY49VC,37000,450.9,192.0,40.392911,-6.989614,0.5,5414,A3
2025-08-30T08:40:00.800000,347303,,37000,,,,,6.9,,
2025-08-30T08:40:00.800000,4d2246,RYR404M,32250,405.0,208.5,40.21024,-8.410409,0.0,7704,A3
2025-08-30T08:40:00.800000,345107,VLG9ZP,34025,432.5,346.8,38.936618,-8.018311,0.0,4625,A3
2025-08-30T08:40:00.800000,4ca8db,RYR7WL,37000,456.6,196.4,39.915436,-7.938757,26.6,5420,A3
2025-08-30T08:40:00.800000,4d2501,RYR4D,33675,441.6,355.1,38.871643,-8.259151,0.5,5422,A3
2025-08-30T08:40:00.800000,4952c8,TAP430,18975,458.4,46.8,39.42421,-8.334324,0.2,2031,A3
2025-08-30T08:40:00.800000,4ca61c,,,,,,,164.6,,
2025-08-30T08:40:00.800000,495279,,,,,,,218.9,,
2025-08-30T08:40:00.800000,3c7b01,VJH772,28075,403.5,244.8,38.887756,-7.838805,11.0,4003,A2
2025-08-30T08:40:00.800000,40631b,,,,,,,217.1,,
2025-08-30T08:40:00.800000,3c1bae,,,,,,,81.0,,A5
2025-08-30T08:40:00.800000,4951cc,,26450,,,,,34.7,4421,A3
2025-08-30T08:40:00.800000,4951ce,TAP757P,25650,397.8,215.0,39.664043,-8.604614,0.1,0744,A3
2025-08-30T08:40:00.800000,495065,,20025,344.5,15.5,40.600627,-8.475827,38.5,,A5
2025-08-30T08:40:00.800000,34750f,,,,,,,159.1,,A3
2025-08-30T08:40:00.800000,4854c7,TRA32P,22725,407.6,215.2,39.507441,-8.735352,0.0,3716,A3
2025-08-30T08:40:00.800000,345686,,,,,,,231.6,,A3
2025-08-30T08:40:00.800000,408033,,,,,,,145.5,,A3
2025-08-30T08:40:00.800000,3c64af,DLH91J,33450,470.2,45.3,40.430695,-7.03833,0.7,4706,A3
2025-08-30T08:40:00.800000,4912d5,,9900,203.9,214.0,39.506424,-8.974158,4.6,1347,A1
2025-08-30T08:40:00.800000,49514b,TAP1356,34000,450.4,7.0,41.208693,-8.703294,0.1,4707,A3
2025-08-30T08:40:00.800000,40666a,,,,,,,180.0,,A3
2025-08-30T08:41:01.300000,407ce4,EXS17MB,35000,445.3,185.8,40.227418,-7.339554,0.2,2216,A3
2025-08-30T08:41:01.300000,503ede,TAP780,12850,393.3,46.4,39.215378,-8.615789,0.3,4713,A3
2025-08-30T08:41:01.300000,407f65,EZY49VC,37000,450.1,192.2,40.263356,-7.025757,0.1,5414,A3
2025-08-30T08:41:01.300000,347303,SWT180,37000,442.2,227.1,39.07283,-7.426758,0.4,2606,A3
2025-08-30T08:41:01.300000,4d2246,RYR404M,30475,395.9,208.2,40.113039,-8.478886,0.6,7704,A3
2025-08-30T08:41:01.300000,345107,VLG9ZP,34000,430.3,346.8,39.054348,-8.053162,0.0,4625,A3
2025-08-30T08:41:01.300000,4ca8db,,37000,455.6,196.4,39.728657,-8.010193,0.1,5420,A3
2025-08-30T08:41:01.300000,4d2501,,34325,442.6,355.1,38.883501,-8.260498,15.4,5422,A3
2025-08-30T08:41:01.300000,4952c8,TAP430,20525,466.7,44.3,39.514893,-8.215385,0.5,2031,A3
2025-08-30T08:41:01.300000,4ca61c,RYR95ZQ,33000,444.2,175.7,40.037019,-7.800293,0.2,4535,A3
2025-08-30T08:41:01.300000,495279,,,,,,,279.3,,
2025-08-30T08:41:01.300000,3c7b01,,26350,,,,,7.1,,A2
2025-08-30T08:41:01.300000,40631b,,,,,,,277.6,,
2025-08-30T08:41:01.300000,3c1bae,,,,,,,141.5,,A5
2025-08-30T08:41:01.300000,4951cc,,,,,,,95.2,,A3
2025-08-30T08:41:01.300000,4951ce,TAP757P,24075,390.0,214.9,39.573173,-8.686584,0.0,0744,A3
2025-08-30T08:41:01.300000,495065,,,,,,,99.0,,A5
2025-08-30T08:41:01.300000,34750f,,,,,,,219.6,,A3
2025-08-30T08:41:01.300000,4854c7,TRA32P,21775,402.0,215.1,39.418619,-8.815918,0.3,3716,A3
2025-08-30T08:41:01.300000,345686,,,,,,,292.1,,A3
2025-08-30T08:41:01.300000,408033,,,,,,,205.9,,A3
2025-08-30T08:41:01.300000,3c64af,,33975,,,,,11.6,,A3
2025-08-30T08:41:01.300000,4912d5,,9900,203.9,214.0,39.506424,-8.974158,65.1,1347,A1
2025-08-30T08:41:01.300000,49514b,TAP1356,34000,451.4,7.0,41.274994,-8.692444,0.6,4707,A3
2025-08-30T08:41:01.300000,40666a,,,,,,,240.4,,A3
2025-08-30T08:42:00.900000,39666f,,38000,442.1,12.3,,,0.0,0504,
2025-08-30T08:42:00.900000,440bcc,,10025,271.4,273.0,,,4.9,2621,
2025-08-30T08:42:00.900000,407ce4,EXS17MB,35000,443.3,185.8,40.141937,-7.350647,8.2,2216,A3
2025-08-30T08:42:00.900000,503ede,TAP780,14600,400.3,46.4,39.289065,-8.515991,0.4,4713,A3
2025-08-30T08:42:00.900000,407f65,EZY49VC,37000,449.9,192.1,40.22104,-7.037617,19.6,5414,A3
2025-08-30T08:42:00.900000,347303,SWT180,37000,440.8,227.1,39.038939,-7.473633,35.1,2606,A3
2025-08-30T08:42:00.900000,4d2246,RYR404M,28875,381.5,209.5,40.021517,-8.545179,2.0,7704,A3
2025-08-30T08:42:00.900000,345107,VLG9ZP,33975,430.1,347.0,39.168867,-8.087219,0.4,4625,A3
2025-08-30T08:42:00.900000,4ca8db,RYR7WL,37000,454.7,196.5,39.627045,-8.048859,0.1,5420,A3
2025-08-30T08:42:00.900000,4d2501,RYR4D,35975,437.6,355.1,39.12008,-8.286255,0.1,5422,A3
2025-08-30T08:42:00.900000,4952c8,TAP430,22025,473.8,44.5,39.607994,-8.097534,0.1,2031,A3
2025-08-30T08:42:00.900000,4ca61c,RYR95ZQ,33000,444.2,175.7,39.980645,-7.7948,22.1,4535,A3
2025-08-30T08:42:00.900000,3c7b01,,23500,,,,,27.0,,A2
2025-08-30T08:42:00.900000,40631b,,,,,,,43.2,,
2025-08-30T08:42:00.900000,3c1bae,,,391.1,245.2,,,0.0,,A5
2025-08-30T08:42:00.900000,4951cc,,,,,,,154.8,,A3
2025-08-30T08:42:00.900000,4951ce,TAP757P,22525,382.8,214.9,39.485748,-8.76532,0.0,0744,A3
2025-08-30T08:42:00.900000,495065,AZU8002,15450,296.3,316.0,40.831666,-8.56996,0.1,4477,A5
2025-08-30T08:42:00.900000,34750f,,,,,,,279.2,,A3
2025-08-30T08:42:00.900000,4854c7,TRA32P,21775,402.0,215.1,39.418619,-8.815918,35.2,3716,A3
2025-08-30T08:42:00.900000,408033,,,,,,,265.6,,A3
2025-08-30T08:42:00.900000,3c64af,,,,,,,71.2,,A3
2025-08-30T08:42:00.900000,4912d5,,,,,,,124.8,,A1
2025-08-30T08:42:00.900000,49514b,TAP1356,34000,453.5,7.1,41.455373,-8.662911,0.1,4707,A3
2025-08-30T08:43:01.900000,45ab4e,JTD563,35125,472.7,194.3,40.378852,-6.881998,0.1,3730,A3
2025-08-30T08:43:01.900000,39666f,,38000,450.3,35.4,38.965433,-7.78772,0.4,0504,
2025-08-30T08:43:01.900000,440bcc,BCS5HM,8975,268.4,273.0,41.529099,-8.393929,23.2,2621,
2025-08-30T08:43:01.900000,407ce4,,35000,,,,,51.5,,A3
2025-08-30T08:43:01.900000,503ede,TAP780,16275,408.1,46.5,39.369553,-8.40675,0.3,4713,A3
2025-08-30T08:43:01.900000,407f65,,,,,,,51.7,,A3
2025-08-30T08:43:01.900000,347303,SWT180,37000,439.4,226.9,,,7.1,2606,A3
2025-08-30T08:43:01.900000,4d2246,RYR404M,27075,375.4,204.7,39.92514,-8.613647,0.0,7704,A3
2025-08-30T08:43:01.900000,345107,VLG9ZP,34000,431.1,347.0,39.286331,-8.12224,0.9,4625,A3
2025-08-30T08:43:01.900000,4ca8db,RYR7WL,37000,454.7,196.5,39.482208,-8.104029,0.3,5420,A3
2025-08-30T08:43:01.900000,4d2501,RYR4D,37000,433.6,355.1,39.242047,-8.299622,0.1,5422,A3
2025-08-30T08:43:01.900000,4952c8,TAP430,22900,478.7,44.6,39.665405,-8.024498,24.8,2031,A3
2025-08-30T08:43:01.900000,4ca61c,,,,,,,83.1,,A3
2025-08-30T08:43:01.900000,3c7b01,,19850,,,,,5.9,,A2
2025-08-30T08:43:01.900000,40631b,,,,,,,104.2,,
2025-08-30T08:43:01.900000,3c1bae,,,391.1,245.2,,,3.8,,A5
2025-08-30T08:43:01.900000,4951cc,,,,,,,215.8,,A3
2025-08-30T08:43:01.900000,4951ce,TAP757P,21575,376.4,214.8,39.433051,-8.812622,13.2,0744,A3
2025-08-30T08:43:01.900000,495065,AZU8002,14150,292.1,315.7,40.889158,-8.643868,0.3,4477,A5
2025-08-30T08:43:01.900000,4854c7,,,,,,,96.2,,A3
2025-08-30T08:43:01.900000,3c64af,,,,,,,132.2,,A3
2025-08-30T08:43:01.900000,4912d5,,,,,,,185.7,,A1
2025-08-30T08:43:01.900000,49514b,,34000,453.5,7.1,41.466173,-8.661123,3.7,4707,A3
2025-08-30T08:44:00.600000,495148,TAP1240,13250,326.8,46.5,39.181366,-8.659078,0.1,5473,A3
2025-08-30T08:44:00.600000,49212c,CSHIL,2600,,,,,0.0,3261,
2025-08-30T08:44:00.600000,45ab4e,JTD563,35000,471.0,194.0,40.261551,-6.920349,0.1,3730,A3
2025-08-30T08:44:00.600000,39666f,FPO758,38000,448.9,34.9,39.034241,-7.725837,6.2,0504,
2025-08-30T08:44:00.600000,440bcc,,,,,,,81.9,,
2025-08-30T08:44:00.600000,407ce4,,,,,,,110.2,,A3
2025-08-30T08:44:00.600000,503ede,TAP780,17725,415.9,46.6,39.446823,-8.301484,0.1,4713,A3
2025-08-30T08:44:00.600000,407f65,,,,,,,110.4,,A3
2025-08-30T08:44:00.600000,347303,,37000,437.2,226.9,,,0.7,,A3
2025-08-30T08:44:00.600000,4d2246,RYR404M,25475,364.0,203.8,39.833817,-8.665705,0.0,7704,A3
2025-08-30T08:44:00.600000,345107,VLG9ZP,34000,433.2,346.9,39.400314,-8.156393,0.1,4625,A3
2025-08-30T08:44:00.600000,4ca8db,RYR7WL,37000,455.4,196.3,39.366714,-8.147888,0.4,5420,A3
2025-08-30T08:44:00.600000,4d2501,RYR4D,37550,438.6,355.0,39.358795,-8.312411,0.2,5422,A3
2025-08-30T08:44:00.600000,4952c8,,,,,,,83.4,,A3
2025-08-30T08:44:00.600000,4ca61c,,,,,,,141.7,,A3
2025-08-30T08:44:00.600000,3c7b01,,17800,400.4,245.0,,,16.7,4003,A2
2025-08-30T08:44:00.600000,40631b,,,,,,,162.8,,
2025-08-30T08:44:00.600000,3c1bae,,,368.2,245.1,,,58.5,,A5
2025-08-30T08:44:00.600000,4951cc,,,,,,,274.5,,A3
2025-08-30T08:44:00.600000,4951ce,,20750,,,,,51.0,,A3
2025-08-30T08:44:00.600000,495065,AZU8002,12700,293.5,315.7,40.946823,-8.718079,1.2,4477,A5
2025-08-30T08:44:00.600000,4854c7,,,,,,,154.9,,A3
2025-08-30T08:44:00.600000,3c64af,,,,,,,190.9,,A3
2025-08-30T08:44:00.600000,4912d5,,,,,,,244.4,,A1
2025-08-30T08:44:00.600000,49514b,,34000,455.5,7.1,,,0.9,,A3
2025-08-30T08:45:00.800000,407689,,37025,,,,,1.5,0574,
2025-08-30T08:45:00.800000,3c49ce,,5375,279.9,51.8,41.153668,-8.564405,2.1,5440,
2025-08-30T08:45:00.800000,495148,TAP1240,15000,332.4,46.5,39.244421,-8.574036,0.0,5473,A3
2025-08-30T08:45:00.800000,49212c,CSHIL,2850,,,,,0.0,3261,
2025-08-30T08:45:00.800000,45ab4e,JTD563,35000,470.3,194.2,40.231887,-6.930063,4.2,3730,A3
2025-08-30T08:45:00.800000,39666f,,38000,448.3,34.8,,,0.5,0504,
2025-08-30T08:45:00.800000,440bcc,,,,,,,142.1,,
2025-08-30T08:45:00.800000,407ce4,,,,,,,170.5,,A3
2025-08-30T08:45:00.800000,503ede,TAP780,19050,425.0,44.7,39.527573,-8.192994,0.3,4713,A3
2025-08-30T08:45:00.800000,407f65,,,,,,,170.6,,A3
2025-08-30T08:45:00.800000,347303,SWT180,37000,437.2,226.9,,,32.2,2606,A3
2025-08-30T08:45:00.800000,4d2246,RYR404M,23800,356.0,203.7,39.741806,-8.718248,0.2,7704,A3
2025-08-30T08:45:00.800000,345107,VLG9ZP,34000,434.4,346.8,39.520709,-8.192444,0.1,4625,A3
2025-08-30T08:45:00.800000,4ca8db,RYR7WL,37000,457.3,196.3,39.242432,-8.194726,0.1,5420,A3
2025-08-30T08:45:00.800000,4d2501,RYR4D,38000,442.5,355.2,39.482483,-8.326084,0.0,5422,A3
2025-08-30T08:45:00.800000,4952c8,,,,,,,143.7,,A3
2025-08-30T08:45:00.800000,4ca61c,,33000,,,,,10.1,4535,A3
2025-08-30T08:45:00.800000,3c7b01,,,,,,,4.1,0630,A2
2025-08-30T08:45:00.800000,40631b,,,,,,,223.1,,
2025-08-30T08:45:00.800000,3c1bae,,,,,,,118.8,,A5
2025-08-30T08:45:00.800000,4951ce,,,,,,,111.2,,A3
2025-08-30T08:45:00.800000,495065,AZU8002,11625,300.1,349.4,41.013034,-8.753607,0.0,4477,A5
2025-08-30T08:45:00.800000,4854c7,,,,,,,215.1,,A3
2025-08-30T08:45:00.800000,3c64af,,,,,,,251.1,,A3
2025-08-30T08:45:00.800000,49514b,,,455.5,7.1,,,37.6,,A3
2025-08-30T08:46:00.300000,4952c1,TAP1270,17000,363.5,46.1,39.178391,-8.6586,0.1,5472,A3
2025-08-30T08:46:00.300000,4ca8d6,,37000,443.0,216.1,,,1.1,7607,
2025-08-30T08:46:00.300000,407689,EZY45DH,37025,456.6,184.8,40.146973,-7.391418,0.9,0574,A3
2025-08-30T08:46:00.300000,3c49ce,EWG4Z,7925,289.1,358.2,41.232513,-8.551208,0.0,5440,A3
2025-08-30T08:46:00.300000,495148,TAP1240,16550,338.1,46.4,39.307127,-8.489441,0.0,5473,A3
2025-08-30T08:46:00.300000,49212c,CSHIL,3000,,,,,0.4,3261,
2025-08-30T08:46:00.300000,45ab4e,,,,,,,63.7,,A3
2025-08-30T08:46:00.300000,39666f,,38000,448.3,34.8,,,34.8,0504,
2025-08-30T08:46:00.300000,440bcc,,,,,,,201.6,,
2025-08-30T08:46:00.300000,407ce4,,,,,,,230.0,,A3
2025-08-30T08:46:00.300000,503ede,TAP780,20250,430.7,44.3,39.601959,-8.098775,6.2,4713,A3
2025-08-30T08:46:00.300000,407f65,,,,,,,230.1,,A3
2025-08-30T08:46:00.300000,347303,,,,,,,91.8,,A3
2025-08-30T08:46:00.300000,4d2246,RYR404M,22150,347.9,203.9,39.653708,-8.768921,0.1,7704,A3
2025-08-30T08:46:00.300000,345107,VLG9ZP,34000,435.4,346.9,39.636475,-8.227327,0.0,4625,A3
2025-08-30T08:46:00.300000,4ca8db,RYR7WL,37000,455.4,196.3,39.11994,-8.240479,0.0,5420,A3
2025-08-30T08:46:00.300000,4d2501,RYR4D,38000,441.3,355.6,39.60379,-8.338981,0.0,5422,A3
2025-08-30T08:46:00.300000,4952c8,,,,,,,203.2,,A3
2025-08-30T08:46:00.300000,4ca61c,,33000,,,,,29.7,,A3
2025-08-30T08:46:00.300000,3c7b01,,,,,,,63.6,0630,A2
2025-08-30T08:46:00.300000,40631b,,,,,,,282.6,,
2025-08-30T08:46:00.300000,3c1bae,,,,,,,178.3,,A5
2025-08-30T08:46:00.300000,4951ce,,,,,,,170.7,,A3
2025-08-30T08:46:00.300000,495065,AZU8002,11075,296.1,348.3,41.051253,-8.763719,9.9,,A5
2025-08-30T08:46:00.300000,4854c7,,,,,,,274.6,,A3
2025-08-30T08:46:00.300000,49514b,,,,,,,97.1,,A3
2025-08-30T08:47:00.400000,4952c1,TAP1270,19100,374.1,46.0,39.249356,-8.563965,0.1,5472,A3
2025-08-30T08:47:00.400000,4ca8d6,,37000,,,,,39.5,7607,
2025-08-30T08:47:00.400000,407689,EZY45DH,37025,456.6,184.8,40.134639,-7.392738,19.7,0574,A3
2025-08-30T08:47:00.400000,3c49ce,EWG4Z,10150,292.0,359.0,41.300262,-8.553162,9.4,5440,A3
2025-08-30T08:47:00.400000,495148,TAP1240,18025,345.9,46.3,39.373603,-8.399658,0.0,5473,A3
2025-08-30T08:47:00.400000,49212c,CSHIL,3175,,,,,0.5,3261,
2025-08-30T08:47:00.400000,45ab4e,,,,,,,123.7,,A3
2025-08-30T08:47:00.400000,39666f,,,,,,,3.7,,
2025-08-30T08:47:00.400000,440bcc,,,,,,,261.7,,
2025-08-30T08:47:00.400000,407ce4,,,,,,,290.0,,A3
2025-08-30T08:47:00.400000,503ede,,21175,432.1,44.3,39.621964,-8.073458,23.9,,A3
2025-08-30T08:47:00.400000,407f65,,,,,,,290.2,,A3
2025-08-30T08:47:00.400000,347303,,,432.9,226.7,,,5.4,,A3
2025-08-30T08:47:00.400000,4d2246,RYR404M,20525,340.8,203.7,39.565585,-8.819031,0.1,7704,A3
2025-08-30T08:47:00.400000,345107,VLG9ZP,34000,437.4,346.9,39.754166,-8.262853,0.4,4625,A3
2025-08-30T08:47:00.400000,4ca8db,RYR7WL,37000,453.4,196.4,39.065918,-8.260823,18.1,5420,A3
2025-08-30T08:47:00.400000,4d2501,RYR4D,38000,442.7,354.9,39.72633,-8.352051,0.0,5422,A3
2025-08-30T08:47:00.400000,4952c8,,28850,,,,,4.1,,A3
2025-08-30T08:47:00.400000,4ca61c,,,,,,,89.7,,A3
2025-08-30T08:47:00.400000,3c7b01,,,,,,,123.7,,A2
2025-08-30T08:47:00.400000,3c1bae,,,,,,,238.4,,A5
2025-08-30T08:47:00.400000,4951ce,,,,,,,230.8,,A3
2025-08-30T08:47:00.400000,495065,,,,,,,70.0,,A5
2025-08-30T08:47:00.400000,49514b,,,464.1,21.8,,,0.4,4707,A3
2025-08-30T08:48:00.400000,39ceaf,TVF68ZE,,,,,,0.8,,A3
2025-08-30T08:48:00.400000,4d234a,,,,,,,1.4,2204,
2025-08-30T08:48:00.400000,4952c1,TAP1270,21200,384.0,44.1,39.323914,-8.468011,0.1,5472,A3
2025-08-30T08:48:00.400000,4ca8d6,,,,,,,99.5,,
2025-08-30T08:48:00.400000,407689,,,,,,,79.6,,A3
2025-08-30T08:48:00.400000,3c49ce,,11625,,,41.300262,-8.553162,0.7,7507,A3
2025-08-30T08:48:00.400000,495148,TAP1240,18675,377.7,43.9,39.44427,-8.30835,0.2,5473,A3
2025-08-30T08:48:00.400000,49212c,CSHIL,2850,,,,,0.4,3261,
2025-08-30T08:48:00.400000,45ab4e,,,,,,,183.7,,A3
2025-08-30T08:48:00.400000,39666f,,38000,,,,,30.9,,
2025-08-30T08:48:00.400000,503ede,,,,,,,83.8,,A3
2025-08-30T08:48:00.400000,347303,,,432.9,226.7,,,15.7,2606,A3
2025-08-30T08:48:00.400000,4d2246,RYR404M,19550,332.6,203.9,39.511414,-8.849965,13.9,7704,A3
2025-08-30T08:48:00.400000,345107,VLG9ZP,34025,435.6,346.7,39.871899,-8.298584,0.1,4625,A3
2025-08-30T08:48:00.400000,4ca8db,RYR7WL,37000,451.0,196.2,,,1.0,5420,A3
2025-08-30T08:48:00.400000,4d2501,RYR4D,38000,441.8,354.8,39.84839,-8.366394,0.1,5422,A3
2025-08-30T08:48:00.400000,4952c8,TAP430,30000,485.8,44.9,40.165597,-7.381626,12.1,,A3
2025-08-30T08:48:00.400000,4ca61c,RYR95ZQ,33000,445.6,162.1,,,3.1,4535,A3
2025-08-30T08:48:00.400000,3c7b01,,,,,,,183.7,,A2
2025-08-30T08:48:00.400000,3c1bae,,,,,,,298.3,,A5
2025-08-30T08:48:00.400000,4951ce,,,,,,,290.8,,A3
2025-08-30T08:48:00.400000,495065,,,,,,,129.9,,A5
2025-08-30T08:48:00.400000,49514b,,33975,464.1,21.8,42.100587,-8.46388,13.1,4707,A3
2025-08-30T08:49:01,407e71,,37000,454.8,164.8,,,14.2,4643,
2025-08-30T08:49:01,39ceaf,TVF68ZE,37000,442.2,226.9,40.164433,-7.723077,0.1,4060,A3
2025-08-30T08:49:01,4d234a,,,,,,,0.6,,
2025-08-30T08:49:01,4952c1,TAP1270,23175,396.0,44.4,39.402008,-8.369671,0.2,5472,A3
2025-08-30T08:49:01,4ca8d6,,,,,,,160.1,,
2025-08-30T08:49:01,407689,,,,,,,140.2,,A3
2025-08-30T08:49:01,3c49ce,EWG4Z,13125,357.0,359.4,,,8.6,5440,A3
2025-08-30T08:49:01,495148,TAP1240,19275,408.0,44.3,39.520662,-8.212585,0.2,5473,A3
2025-08-30T08:49:01,49212c,CSHIL,2825,,,,,0.5,3261,
2025-08-30T08:49:01,45ab4e,,,,,,,244.3,,A3
2025-08-30T08:49:01,39666f,,,,,,,91.5,,
2025-08-30T08:49:01,503ede,,,,,,,144.4,,A3
2025-08-30T08:49:01,347303,,,,,,,35.6,,A3
2025-08-30T08:49:01,4d2246,,,,,,,56.1,,A3
2025-08-30T08:49:01,345107,VLG9ZP,34000,434.4,346.8,39.991333,-8.335022,0.7,4625,A3
2025-08-30T08:49:01,4ca8db,RYR7WL,37000,448.8,196.2,38.847098,-8.342773,12.9,0756,A3
2025-08-30T08:49:01,4d2501,RYR4D,38000,440.8,354.8,39.967758,-8.38031,0.3,5422,A3
2025-08-30T08:49:01,4952c8,,,487.9,45.0,,,2.0,2031,A3
2025-08-30T08:49:01,4ca61c,RYR95ZQ,33000,445.3,162.2,39.134185,-7.666321,27.7,4535,A3
2025-08-30T08:49:01,3c7b01,,,,,,,244.3,,A2
2025-08-30T08:49:01,495065,,,,,,,190.5,,A5
2025-08-30T08:49:01,49514b,,,,,,,73.7,,A3
2025-08-30T08:50:00.900000,4952cd,TAP675,29575,450.0,215.1,39.914062,-8.378389,0.1,3752,A3
2025-08-30T08:50:00.900000,407ce4,EXS17MB,35000,441.3,184.4,39.133813,-7.476807,0.3,2216,A3
2025-08-30T08:50:00.900000,407e71,,37000,,,,,41.5,,
2025-08-30T08:50:00.900000,39ceaf,TVF68ZE,37575,440.0,226.7,40.080965,-7.839494,0.2,4060,A3
2025-08-30T08:50:00.900000,4d234a,,,,,,,41.9,,
2025-08-30T08:50:00.900000,4952c1,TAP1270,25125,405.9,44.6,39.481384,-8.269123,0.1,5472,A3
2025-08-30T08:50:00.900000,4ca8d6,,,,,,,220.0,,
2025-08-30T08:50:00.900000,407689,,,,,,,200.1,,A3
2025-08-30T08:50:00.900000,3c49ce,,15625,367.0,359.4,41.594937,-8.557519,2.6,5440,A3
2025-08-30T08:50:00.900000,495148,TAP1240,20600,413.7,44.5,39.601044,-8.110776,1.5,5473,A3
2025-08-30T08:50:00.900000,49212c,CSHIL,2875,,,,,1.5,3261,
2025-08-30T08:50:00.900000,39666f,,,,,,,151.4,,
2025-08-30T08:50:00.900000,503ede,,,,,,,204.3,,A3
2025-08-30T08:50:00.900000,347303,,,,,,,95.5,,A3
2025-08-30T08:50:00.900000,4d2246,,,,,,,116.0,,A3
2025-08-30T08:50:00.900000,345107,VLG9ZP,34000,434.7,346.7,40.007086,-8.339809,26.6,4625,A3
2025-08-30T08:50:00.900000,4ca8db,RYR7WL,37000,448.8,196.2,38.705532,-8.395447,3.9,5420,A3
2025-08-30T08:50:00.900000,4d2501,RYR4D,38000,439.6,355.0,40.051483,-8.389771,2.0,5422,A3
2025-08-30T08:50:00.900000,4952c8,,33200,472.3,45.2,40.370054,-7.114459,0.2,2031,A3
2025-08-30T08:50:00.900000,4ca61c,,,,,,,87.6,,A3
2025-08-30T08:50:00.900000,495065,,,,,,,250.4,,A5
2025-08-30T08:50:00.900000,49514b,,,,,,,133.6,,A3
2025-08-30T08:51:00.700000,407f65,EZY49VC,37000,452.7,191.9,39.055664,-7.357317,1.6,5414,A3
2025-08-30T08:51:00.700000,4952cd,TAP675,28575,445.3,214.9,39.812498,-8.470947,0.0,3752,A3
2025-08-30T08:51:00.700000,407ce4,EXS17MB,34725,444.5,184.8,39.0442,-7.486084,13.5,2216,A3
2025-08-30T08:51:00.700000,407e71,,,,,,,101.4,,
2025-08-30T08:51:00.700000,39ceaf,TVF68ZE,38450,437.2,226.7,39.999033,-7.952666,0.8,4060,A3
2025-08-30T08:51:00.700000,4d234a,,,,,,,23.8,,
2025-08-30T08:51:00.700000,4952c1,TAP1270,26800,417.2,44.6,39.56131,-8.167499,1.2,5472,A3
2025-08-30T08:51:00.700000,4ca8d6,,28850,428.0,215.3,39.978131,-8.31871,0.1,,
2025-08-30T08:51:00.700000,407689,,,,,,,260.0,,A3
2025-08-30T08:51:00.700000,3c49ce,,15625,367.0,359.4,41.594937,-8.557519,53.0,,A3
2025-08-30T08:51:00.700000,495148,TAP1240,21725,417.9,44.5,39.670349,-8.022587,12.9,5473,A3
2025-08-30T08:51:00.700000,49212c,CSHIL,2850,,,,,0.2,3261,
2025-08-30T08:51:00.700000,39666f,,,,,,,211.2,,
2025-08-30T08:51:00.700000,503ede,,25925,,,,,1.3,,A3
2025-08-30T08:51:00.700000,347303,,,,,,,155.4,,A3
2025-08-30T08:51:00.700000,4d2246,,,,,,,175.9,,A3
2025-08-30T08:51:00.700000,345107,VLG9ZP,33975,436.6,346.8,40.216711,-8.404291,2.2,1714,A3
2025-08-30T08:51:00.700000,4ca8db,,,,,,,63.7,,A3
2025-08-30T08:51:00.700000,4d2501,RYR4D,38000,438.6,355.0,40.215317,-8.40802,0.1,5422,A3
2025-08-30T08:51:00.700000,4952c8,TAP430,33700,478.0,45.2,40.465714,-6.989014,0.2,2031,A3
2025-08-30T08:51:00.700000,4ca61c,,,,,,,147.4,,A3
2025-08-30T08:51:00.700000,49514b,,,,,,,193.4,,A3
2025-08-30T08:52:01.500000,45ab4e,JTD563,35000,472.0,194.0,39.242157,-7.251753,1.0,3730,A3
2025-08-30T08:52:01.500000,407f65,EZY49VC,37000,453.6,191.8,38.984207,-7.376543,31.8,5414,A3
2025-08-30T08:52:01.500000,4952cd,TAP675,27575,437.2,215.0,39.711868,-8.561992,0.1,3752,A3
2025-08-30T08:52:01.500000,407ce4,,,,,,,74.4,,A3
2025-08-30T08:52:01.500000,407e71,,,,,,,162.2,,
2025-08-30T08:52:01.500000,39ceaf,TVF68ZE,39025,440.7,226.7,39.913788,-8.070354,0.0,4060,A3
2025-08-30T08:52:01.500000,4d234a,,37000,451.4,203.5,,,1.3,,
2025-08-30T08:52:01.500000,4952c1,TAP1270,28475,423.6,44.7,39.644577,-8.061278,0.7,5472,A3
2025-08-30T08:52:01.500000,4ca8d6,RYR53PE,27850,427.8,215.1,39.880234,-8.409019,0.0,7607,A3
2025-08-30T08:52:01.500000,3c49ce,,18200,,,,,33.6,,A3
2025-08-30T08:52:01.500000,495148,,,,,,,73.7,,A3
2025-08-30T08:52:01.500000,49212c,CSHIL,2825,,,,,38.3,3261,
2025-08-30T08:52:01.500000,39666f,,,,,,,272.0,,
2025-08-30T08:52:01.500000,503ede,TAP780,27025,464.6,44.9,40.147247,-7.401062,0.2,4713,A3
2025-08-30T08:52:01.500000,347303,,,,,,,216.2,,A3
2025-08-30T08:52:01.500000,4d2246,,,,,,,236.7,,A3
2025-08-30T08:52:01.500000,345107,VLG9ZP,34000,437.6,346.8,40.345688,-8.44397,0.1,4625,A3
2025-08-30T08:52:01.500000,4ca8db,,,,,,,124.6,,A3
2025-08-30T08:52:01.500000,4d2501,RYR4D,38000,437.7,355.0,40.337235,-8.421832,0.2,5422,A3
2025-08-30T08:52:01.500000,4952c8,,33975,477.3,45.3,40.5168,-6.921448,27.6,2031,A3
2025-08-30T08:52:01.500000,4ca61c,,,,,,,208.3,,A3
2025-08-30T08:52:01.500000,49514b,,,,,,,254.3,,A3
2025-08-30T08:53:01.100000,4cad3a,,35000,455.2,186.8,41.591492,-8.551171,0.0,,
2025-08-30T08:53:01.100000,4cafb4,,37000,469.7,169.0,41.406912,-8.439927,7.0,,
2025-08-30T08:53:01.100000,45ab4e,JTD563,35000,472.1,188.4,39.116135,-7.288593,0.2,3730,A3
2025-08-30T08:53:01.100000,407f65,,,,,,,17.5,5414,A3
2025-08-30T08:53:01.100000,4952cd,TAP675,26575,427.5,214.8,39.613441,-8.650879,0.1,3752,A3
2025-08-30T08:53:01.100000,407ce4,,,,,,,133.9,,A3
2025-08-30T08:53:01.100000,407e71,,,,,,,221.8,,
2025-08-30T08:53:01.100000,39ceaf,TVF68ZE,39000,441.4,226.7,39.866592,-8.135376,17.8,4060,A3
2025-08-30T08:53:01.100000,4d234a,RYR44SL,37000,451.4,203.5,,,0.9,,A3
2025-08-30T08:53:01.100000,4952c1,TAP1270,29050,431.3,44.6,39.691928,-8.000671,23.4,5472,A3
2025-08-30T08:53:01.100000,4ca8d6,RYR53PE,26900,417.2,214.9,39.790833,-8.490282,2.7,7607,A3
2025-08-30T08:53:01.100000,3c49ce,,20375,,,,,4.8,,A3
2025-08-30T08:53:01.100000,495148,,,,,,,133.3,,A3
2025-08-30T08:53:01.100000,49212c,,,,,,,97.8,,
2025-08-30T08:53:01.100000,503ede,TAP780,27850,469.5,44.8,40.238078,-7.283311,0.1,4713,A3
2025-08-30T08:53:01.100000,347303,,,,,,,275.7,,A3
2025-08-30T08:53:01.100000,4d2246,,,,,,,296.2,,A3
2025-08-30T08:53:01.100000,345107,VLG9ZP,34025,437.8,346.7,40.462646,-8.48001,0.4,4625,A3
2025-08-30T08:53:01.100000,4ca8db,,,,,,,184.1,,A3
2025-08-30T08:53:01.100000,4d2501,RYR4D,38000,438.7,354.9,40.454681,-8.435364,0.4,5422,A3
2025-08-30T08:53:01.100000,4952c8,,,,,,,87.1,,A3
2025-08-30T08:53:01.100000,4ca61c,,,,,,,267.8,,A3
2025-08-30T08:54:00.800000,4cad3a,,35000,455.3,186.9,41.541215,-8.559308,26.4,3750,
2025-08-30T08:54:00.800000,4cafb4,RYR76TG,37000,469.7,169.0,41.260345,-8.401489,0.5,3754,A3
2025-08-30T08:54:00.800000,39bdb1,,,,,,,37.6,,
2025-08-30T08:54:00.800000,45ab4e,JTD563,34650,469.4,188.7,38.985078,-7.312988,0.0,3730,A3
2025-08-30T08:54:00.800000,407f65,EZY49VC,37000,453.6,191.8,38.670851,-7.460388,0.1,5414,A3
2025-08-30T08:54:00.800000,4952cd,TAP675,25575,425.3,214.8,39.516815,-8.737952,0.0,3752,A3
2025-08-30T08:54:00.800000,407ce4,EXS17MB,32125,451.4,184.4,38.70246,-7.520264,31.0,2216,A3
2025-08-30T08:54:00.800000,407e71,,,,,,,281.5,,
2025-08-30T08:54:00.800000,39ceaf,TVF68ZE,39000,442.1,226.4,39.746208,-8.300598,0.1,4060,A3
2025-08-30T08:54:00.800000,4d234a,,37000,450.6,203.3,,,9.9,,A3
2025-08-30T08:54:00.800000,4952c1,,,,,,,83.2,,A3
2025-08-30T08:54:00.800000,4ca8d6,RYR53PE,25850,410.8,214.9,39.691589,-8.580203,0.1,7607,A3
2025-08-30T08:54:00.800000,3c49ce,,21750,402.0,359.4,,,15.4,,A3
2025-08-30T08:54:00.800000,495148,,,,,,,193.0,,A3
2025-08-30T08:54:00.800000,49212c,,,,,,,157.5,,
2025-08-30T08:54:00.800000,503ede,TAP780,28575,475.2,44.8,40.331369,-7.1619,0.5,4713,A3
2025-08-30T08:54:00.800000,345107,VLG9ZP,34025,435.9,346.6,40.579834,-8.516174,0.2,4625,A3
2025-08-30T08:54:00.800000,4ca8db,,,,,,,243.9,,A3
2025-08-30T08:54:00.800000,4d2501,RYR4D,38000,440.6,355.1,40.578598,-8.448914,0.0,5422,A3
2025-08-30T08:54:00.800000,4952c8,,,,,,,146.8,,A3
2025-08-30T08:55:00.900000,4cad3a,,35000,,,,,0.1,3750,
2025-08-30T08:55:00.900000,4cafb4,RYR76TG,37000,468.7,168.9,41.249612,-8.398673,5.6,3754,A3
2025-08-30T08:55:00.900000,39bdb1,,11025,283.8,240.9,41.728076,-8.281711,25.6,7676,
2025-08-30T08:55:00.900000,45ab4e,JTD563,34325,467.3,188.6,38.905009,-7.328491,3.9,3730,A3
2025-08-30T08:55:00.900000,407f65,EZY49VC,37000,453.6,191.8,38.584213,-7.4836,7.6,5414,A3
2025-08-30T08:55:00.900000,4952cd,TAP675,23800,416.1,214.7,39.423321,-8.821716,2.3,3752,A3
2025-08-30T08:55:00.900000,407ce4,,,,,,,91.1,,A3
2025-08-30T08:55:00.900000,407e71,,,,,,,53.8,,
2025-08-30T08:55:00.900000,39ceaf,TVF68ZE,39000,442.8,226.5,39.662247,-8.414572,0.3,4060,A3
2025-08-30T08:55:00.900000,4d234a,RYR44SL,37000,451.0,203.4,41.364944,-8.60083,0.1,2204,A3
2025-08-30T08:55:00.900000,4952c1,,,,,,,143.2,,A3
2025-08-30T08:55:00.900000,4ca8d6,RYR53PE,24825,406.7,214.8,39.598022,-8.66463,0.0,7607,A3
2025-08-30T08:55:00.900000,3c49ce,,,,,,,75.5,,A3
2025-08-30T08:55:00.900000,495148,,,,,,,253.1,,A3
2025-08-30T08:55:00.900000,49212c,CSHIL,3300,,,,,0.3,3261,
2025-08-30T08:55:00.900000,503ede,TAP780,29425,470.9,45.0,40.366283,-7.116269,1.2,4713,A3
2025-08-30T08:55:00.900000,345107,VLG9ZP,33825,432.7,346.6,40.69812,-8.552917,0.0,4625,A3
2025-08-30T08:55:00.900000,4d2501,RYR4D,38000,442.8,354.8,40.693406,-8.462407,0.3,5422,A3
2025-08-30T08:55:00.900000,4952c8,,,,,,,206.9,,A3
2025-08-30T08:56:01.700000,495037,TAP560,12000,381.3,46.8,39.197776,-8.649292,0.3,4717,A3
2025-08-30T08:56:01.700000,3455c1,IBE0244,38000,491.7,78.0,40.214722,-8.752441,0.3,3712,A5
2025-08-30T08:56:01.700000,4cad3a,RYR82CG,35000,453.1,186.7,41.310333,-8.595825,1.1,3750,A3
2025-08-30T08:56:01.700000,4cafb4,,37000,470.0,169.1,,,16.4,3754,A3
2025-08-30T08:56:01.700000,39bdb1,,10025,,,41.695358,-8.359285,36.1,7676,
2025-08-30T08:56:01.700000,45ab4e,JTD563,33725,472.2,188.5,38.776016,-7.353555,1.4,3730,A3
2025-08-30T08:56:01.700000,407f65,,,,,,,68.4,,A3
2025-08-30T08:56:01.700000,4952cd,TAP675,23125,398.9,214.7,39.380356,-8.859936,34.8,,A3
2025-08-30T08:56:01.700000,407ce4,,,,,,,151.9,,A3
2025-08-30T08:56:01.700000,407e71,,37000,459.4,165.1,,,0.3,,
2025-08-30T08:56:01.700000,39ceaf,TVF68ZE,39000,442.1,226.4,39.575592,-8.532496,0.1,4060,A3
2025-08-30T08:56:01.700000,4d234a,RYR44SL,37000,451.6,203.2,41.234894,-8.67511,1.0,2204,A3
2025-08-30T08:56:01.700000,4952c1,,,,,,,204.1,,A3
2025-08-30T08:56:01.700000,4ca8d6,RYR53PE,23525,395.6,215.0,39.505346,-8.748047,0.1,7607,A3
2025-08-30T08:56:01.700000,3c49ce,,,,,,,136.3,,A3
2025-08-30T08:56:01.700000,495148,TAP1240,27725,449.7,45.0,40.119232,-7.444458,0.1,5473,A3
2025-08-30T08:56:01.700000,49212c,CSHIL,2900,,,,,0.4,3261,
2025-08-30T08:56:01.700000,503ede,,29775,469.5,45.0,,,38.4,,A3
2025-08-30T08:56:01.700000,345107,VLG9ZP,32900,433.9,346.5,40.816676,-8.59006,0.0,4625,A3
2025-08-30T08:56:01.700000,4d2501,RYR4D,38000,443.8,354.8,40.800523,-8.475078,10.8,5422,A3
2025-08-30T08:56:01.700000,4952c8,,,,,,,267.7,,A3
2025-08-30T08:57:01.600000,407731,,37000,,,40.138922,-7.861467,0.0,,
2025-08-30T08:57:01.600000,aad981,,,,,,,25.2,,
2025-08-30T08:57:01.600000,495037,TAP560,13850,394.8,46.8,39.271468,-8.548218,0.1,4717,A3
2025-08-30T08:57:01.600000,3455c1,IBE0244,38000,491.3,78.3,40.242827,-8.5782,0.1,3712,A5
2025-08-30T08:57:01.600000,4cad3a,RYR82CG,35000,452.2,186.9,41.092529,-8.629822,0.4,3750,A3
2025-08-30T08:57:01.600000,4cafb4,RYR76TG,37000,471.7,169.0,40.876077,-8.302293,0.1,3754,A3
2025-08-30T08:57:01.600000,39bdb1,,8275,,,,,6.3,,
2025-08-30T08:57:01.600000,45ab4e,JTD563,32800,475.0,188.4,38.595017,-7.387756,0.4,3730,A3
2025-08-30T08:57:01.600000,407f65,,,,,,,128.3,,A3
2025-08-30T08:57:01.600000,4952cd,,,,,,,94.7,,A3
2025-08-30T08:57:01.600000,407ce4,,,,,,,211.8,,A3
2025-08-30T08:57:01.600000,407e71,EXS67DY,37000,460.4,165.1,40.408997,-8.016296,1.5,4643,A3
2025-08-30T08:57:01.600000,39ceaf,TVF68ZE,39000,439.9,226.3,39.49166,-8.646179,0.2,4060,A3
2025-08-30T08:57:01.600000,4d234a,RYR44SL,37000,450.6,203.3,41.118851,-8.741028,0.4,2204,A3
2025-08-30T08:57:01.600000,4952c1,TAP1270,33550,463.2,45.1,40.074142,-7.506958,0.1,5472,A3
2025-08-30T08:57:01.600000,4ca8d6,RYR53PE,21875,385.9,214.8,39.430583,-8.815308,8.3,7607,A3
2025-08-30T08:57:01.600000,3c49ce,,,,,,,196.2,,A3
2025-08-30T08:57:01.600000,495148,TAP1240,28575,456.8,45.0,40.20726,-7.329651,0.1,5473,A3
2025-08-30T08:57:01.600000,49212c,CSHIL,2875,,,,,0.5,3261,
2025-08-30T08:57:01.600000,503ede,,,,,,,98.3,,A3
2025-08-30T08:57:01.600000,345107,VLG9ZP,31900,431.7,346.6,40.932126,-8.62639,0.1,4625,A3
2025-08-30T08:57:01.600000,4d2501,RYR4D,38000,445.6,355.1,40.943717,-8.491246,0.1,5422,A3
2025-08-30T08:58:01.900000,495219,TAP470,15250,315.5,46.5,39.171753,-8.680969,0.6,5443,A3
2025-08-30T08:58:01.900000,398e49,,4625,242.1,76.1,,,36.5,,
2025-08-30T08:58:01.900000,407180,EXS43CE,35000,477.7,164.3,41.549129,-8.461133,1.7,4642,
2025-08-30T08:58:01.900000,407731,EXS3PD,37000,448.1,196.3,40.020996,-7.906677,0.2,0515,A3
2025-08-30T08:58:01.900000,40823f,,36975,465.2,163.9,,,7.2,,
2025-08-30T08:58:01.900000,aad981,,,,,,,58.2,,
2025-08-30T08:58:01.900000,495037,TAP560,15775,398.3,46.9,39.34665,-8.444702,0.1,4717,A3
2025-08-30T08:58:01.900000,3455c1,IBE0244,38000,489.1,78.3,40.270851,-8.402481,0.0,3712,A5
2025-08-30T08:58:01.900000,4cad3a,RYR82CG,35200,462.3,186.8,40.964447,-8.650146,0.4,3750,A3
2025-08-30T08:58:01.900000,4cafb4,RYR76TG,37000,472.8,168.9,40.786057,-8.279236,8.7,3754,A3
2025-08-30T08:58:01.900000,39bdb1,,8275,,,,,66.6,,
2025-08-30T08:58:01.900000,45ab4e,JTD563,31225,462.9,188.3,38.547068,-7.396912,0.4,3730,A3
2025-08-30T08:58:01.900000,407f65,,,,,,,188.6,,A3
2025-08-30T08:58:01.900000,4952cd,,,,,,,155.0,,A3
2025-08-30T08:58:01.900000,407ce4,,,,,,,272.1,,A3
2025-08-30T08:58:01.900000,407e71,EXS67DY,37000,460.1,165.3,40.356674,-7.998291,37.1,4643,A3
2025-08-30T08:58:01.900000,39ceaf,TVF68ZE,39000,435.7,226.1,39.406723,-8.760582,0.0,4060,A3
2025-08-30T08:58:01.900000,4d234a,RYR44SL,37000,450.6,203.3,41.066895,-8.77063,0.2,2204,A3
2025-08-30T08:58:01.900000,4952c1,TAP1270,34375,467.4,45.1,40.171417,-7.380188,0.4,5472,A3
2025-08-30T08:58:01.900000,4ca8d6,,20750,,,,,38.5,,A3
2025-08-30T08:58:01.900000,3c49ce,,26675,454.6,21.1,,,14.9,,A3
2025-08-30T08:58:01.900000,495148,TAP1240,29350,464.6,45.1,40.29855,-7.210277,0.2,5473,A3
2025-08-30T08:58:01.900000,49212c,CSHIL,2850,,,,,0.1,3261,
2025-08-30T08:58:01.900000,503ede,,,,,,,158.6,,A3
2025-08-30T08:58:01.900000,345107,VLG9ZP,30900,428.8,346.5,41.049344,-8.663282,0.1,4625,A3
2025-08-30T08:58:01.900000,4d2501,RYR4D,38000,446.7,355.0,40.991061,-8.496676,5.1,5422,A3
2025-08-30T08:59:01.600000,485a82,TFL6LJ,35000,457.7,221.5,40.867538,-8.362061,0.2,3723,
2025-08-30T08:59:01.600000,48435a,P4G7A,29700,483.6,67.3,39.17926,-8.557215,0.1,1175,A3
2025-08-30T08:59:01.600000,495219,TAP470,17300,322.6,46.8,39.231107,-8.600159,0.8,5443,A3
2025-08-30T08:59:01.600000,398e49,,8250,283.1,354.9,41.234343,-8.504417,0.7,5446,
2025-08-30T08:59:01.600000,407180,EXS43CE,35000,473.4,164.4,41.362641,-8.392244,0.1,4642,A3
2025-08-30T08:59:01.600000,407731,EXS3PD,37000,448.1,196.3,39.917008,-7.94635,7.2,0515,A3
2025-08-30T08:59:01.600000,40823f,,36975,465.2,163.9,,,2.4,,
2025-08-30T08:59:01.600000,aad981,,,,,,,117.9,,
2025-08-30T08:59:01.600000,495037,TAP560,17350,407.5,47.0,39.422104,-8.340593,0.0,4717,A3
2025-08-30T08:59:01.600000,3455c1,IBE0244,38000,487.0,78.4,40.297668,-8.232605,0.0,3712,A5
2025-08-30T08:59:01.600000,4cad3a,RYR82CG,36250,459.1,186.6,40.835815,-8.670166,0.1,3750,A3
2025-08-30T08:59:01.600000,4cafb4,RYR76TG,37000,473.4,169.2,40.618515,-8.236267,0.7,3754,A3
2025-08-30T08:59:01.600000,39bdb1,,,,,,,126.3,,
2025-08-30T08:59:01.600000,45ab4e,,28225,450.9,188.4,38.353271,-7.433011,1.6,3730,A3
2025-08-30T08:59:01.600000,407f65,,,,,,,248.3,,A3
2025-08-30T08:59:01.600000,4952cd,,,,,,,214.7,,A3
2025-08-30T08:59:01.600000,407e71,,,,,,,96.8,,A3
2025-08-30T08:59:01.600000,39ceaf,TVF68ZE,39000,432.8,226.1,39.367493,-8.813304,29.4,4060,A3
2025-08-30T08:59:01.600000,4d234a,,37000,,,,,27.6,,A3
2025-08-30T08:59:01.600000,4952c1,TAP1270,35325,463.2,45.1,40.254651,-7.271201,3.2,5472,A3
2025-08-30T08:59:01.600000,4ca8d6,,,,,,,98.2,,A3
2025-08-30T08:59:01.600000,3c49ce,,27250,,,,,45.4,,A3
2025-08-30T08:59:01.600000,495148,TAP1240,30050,469.5,45.2,40.389513,-7.090738,0.2,5473,A3
2025-08-30T08:59:01.600000,49212c,CSHIL,3075,,,,,0.3,3261,
2025-08-30T08:59:01.600000,503ede,,,,,,,218.3,,A3
2025-08-30T08:59:01.600000,345107,VLG9ZP,30150,425.7,346.6,41.13826,-8.691406,10.5,4625,A3
2025-08-30T08:59:01.600000,4d2501,,,,,,,54.0,,A3
