timestamp,hex,flight,alt_baro,gs,track,lat,lon,seen,squawk,category
2025-11-04T21:00:00.700000,407f65,,35975,,,,,3.6,,A3
2025-11-04T21:00:00.700000,4866df,TRA5U,35025,477.5,351.3,39.264679,-8.073697,4.5,5260,A3
2025-11-04T21:00:00.700000,4d206b,WMT2TU,33975,506.7,39.3,39.156763,-8.28949,12.1,6231,A3
2025-11-04T21:00:00.700000,49514d,TAP755,22275,342.5,211.5,39.825211,-8.368597,0.1,3745,A3
2025-11-04T21:00:00.700000,346082,,,,,,,149.0,,A3
2025-11-04T21:00:00.700000,4d2049,WZZ13CU,34950,501.9,39.9,40.153633,-7.217705,10.2,6257,A3
2025-11-04T21:00:00.700000,495153,,,,,,,111.3,,A3
2025-11-04T21:00:00.700000,3b7544,,40000,,,39.981445,-6.977417,47.1,4562,A5
2025-11-04T21:00:00.700000,40600d,,,,,,,119.2,,A3
2025-11-04T21:00:00.700000,34644b,,,,,,,68.6,,A3
2025-11-04T21:01:00.700000,407f65,EZY21VF,36000,479.8,15.2,,,0.0,7767,A3
2025-11-04T21:01:00.700000,4866df,TRA5U,35650,477.5,351.3,39.410934,-8.102298,0.3,5260,A3
2025-11-04T21:01:00.700000,4d206b,WMT2TU,34000,505.9,39.4,39.29274,-8.146064,1.3,6231,A3
2025-11-04T21:01:00.700000,49514d,TAP755,20850,324.8,211.1,39.745835,-8.431152,0.2,3745,A3
2025-11-04T21:01:00.700000,346082,,,,,,,208.9,,A3
2025-11-04T21:01:00.700000,4d2049,WZZ13CU,35500,,,40.233423,-7.130501,19.5,6257,A3
2025-11-04T21:01:00.700000,495153,,,,,,,171.3,,A3
2025-11-04T21:01:00.700000,3b7544,,,,,,,107.0,,A5
2025-11-04T21:01:00.700000,40600d,,,,,,,179.1,,A3
2025-11-04T21:01:00.700000,34644b,,,,,,,128.6,,A3
2025-11-04T21:02:00.600000,4952c9,TAP57W,32500,397.6,201.9,40.324386,-8.219771,0.1,1172,A3
2025-11-04T21:02:00.600000,407f65,EZY21VF,36025,480.8,15.2,39.075623,-7.273606,0.1,7767,A3
2025-11-04T21:02:00.600000,4866df,TRA5U,36000,478.3,351.5,39.539516,-8.127563,0.1,5260,A3
2025-11-04T21:02:00.600000,4d206b,WMT2TU,34000,506.5,39.5,39.403071,-8.029175,0.0,6231,A3
2025-11-04T21:02:00.600000,49514d,TAP755,19250,314.0,211.1,39.669443,-8.490967,0.1,3745,A3
2025-11-04T21:02:00.600000,346082,,,,,,,268.9,,A3
2025-11-04T21:02:00.600000,4d2049,,35950,,,,,46.2,,A3
2025-11-04T21:02:00.600000,495153,,,507.4,355.8,,,40.8,,A3
2025-11-04T21:02:00.600000,3b7544,,,,,,,167.0,,A5
2025-11-04T21:02:00.600000,40600d,,,,,,,239.1,,A3
2025-11-04T21:02:00.600000,34644b,,,,,,,188.5,,A3
2025-11-04T21:03:01.100000,405b66,,38000,495.5,21.2,,,2.2,,
2025-11-04T21:03:01.100000,4952c9,,29725,394.0,201.7,40.196507,-8.286313,0.0,1172,A3
2025-11-04T21:03:01.100000,407f65,,36050,481.1,15.3,39.108721,-7.261963,0.6,7767,A3
2025-11-04T21:03:01.100000,4866df,TRA5U,36000,483.7,351.2,39.675476,-8.154244,0.4,5260,A3
2025-11-04T21:03:01.100000,4d206b,WMT2TU,34025,505.0,39.6,39.512515,-7.912781,0.0,6231,A3
2025-11-04T21:03:01.100000,49514d,TAP755,17350,312.3,211.2,39.594223,-8.549871,0.2,3745,A3
2025-11-04T21:03:01.100000,4d2049,,,,,,,106.6,,A3
2025-11-04T21:03:01.100000,495153,,,,,,,101.2,,A3
2025-11-04T21:03:01.100000,3b7544,,,,,,,227.4,,A5
2025-11-04T21:03:01.100000,40600d,,,,,,,299.5,,A3
2025-11-04T21:03:01.100000,34644b,,,,,,,249.0,,A3
2025-11-04T21:04:01.200000,344197,,,,,,,20.0,,
2025-11-04T21:04:01.200000,405b66,EZY84PK,38000,,,43.239162,-7.788783,45.3,,A3
2025-11-04T21:04:01.200000,4952c9,TAP57W,27450,381.4,201.9,40.100098,-8.336487,0.2,1172,A3
2025-11-04T21:04:01.200000,407f65,EZY21VF,36000,488.8,27.1,39.336868,-7.145293,0.2,7767,A3
2025-11-04T21:04:01.200000,4866df,TRA5U,36000,487.6,351.3,39.804305,-8.179504,0.0,5260,A3
2025-11-04T21:04:01.200000,4d206b,WMT2TU,34000,503.6,39.6,39.618164,-7.799636,0.0,6231,A3
2025-11-04T21:04:01.200000,49514d,TAP755,15425,296.7,211.5,39.522059,-8.606689,0.2,3745,A3
2025-11-04T21:04:01.200000,4d2049,,,,,,,166.8,,A3
2025-11-04T21:04:01.200000,495153,,,,,,,161.4,,A3
2025-11-04T21:04:01.200000,3b7544,,,,,,,287.6,,A5
2025-11-04T21:05:01.600000,440cc1,EJU16UZ,12625,256.1,234.7,41.667847,-8.329322,0.6,3127,A3
2025-11-04T21:05:01.600000,344197,ANE69NZ,15150,403.9,59.5,38.966309,-8.568261,4.3,3357,A3
2025-11-04T21:05:01.600000,405b66,,,,,,,105.7,,A3
2025-11-04T21:05:01.600000,4952c9,TAP57W,25175,379.7,201.6,40.047959,-8.36353,11.0,1172,A3
2025-11-04T21:05:01.600000,407f65,EZY21VF,36000,488.4,27.3,39.466848,-7.059204,0.4,7767,A3
2025-11-04T21:05:01.600000,4866df,TRA5U,36000,489.6,351.3,39.94452,-8.207474,0.1,5260,A3
2025-11-04T21:05:01.600000,4d206b,WMT2TU,34000,502.8,39.7,39.649844,-7.765747,16.3,6231,A3
2025-11-04T21:05:01.600000,49514d,TAP755,13650,276.3,210.9,39.453394,-8.65979,0.1,3745,A3
2025-11-04T21:05:01.600000,4d2049,,,,,,,227.2,,A3
2025-11-04T21:05:01.600000,495153,,35975,,,,,2.6,,A3
2025-11-04T21:06:00.900000,495148,,39000,343.3,227.7,,,0.2,,
2025-11-04T21:06:00.900000,440cc1,EJU16UZ,11850,258.9,234.6,41.651871,-8.35941,30.7,3127,A3
2025-11-04T21:06:00.900000,344197,ANE69NZ,15150,403.9,59.5,38.966309,-8.568261,63.7,,A3
2025-11-04T21:06:00.900000,405b66,,,,,,,165.0,,A3
2025-11-04T21:06:00.900000,4952c9,TAP57W,22825,356.7,201.9,39.905416,-8.43689,0.1,1172,A3
2025-11-04T21:06:00.900000,407f65,,36000,489.3,27.2,39.515625,-7.026772,26.8,7767,A3
2025-11-04T21:06:00.900000,4866df,TRA5U,36000,490.6,351.3,40.03244,-8.224976,9.8,5260,A3
2025-11-04T21:06:00.900000,4d206b,,,,,,,75.6,,A3
2025-11-04T21:06:00.900000,49514d,TAP755,11925,262.9,211.2,39.389786,-8.708994,0.1,3745,A3
2025-11-04T21:06:00.900000,4d2049,,,,,,,286.5,,A3
2025-11-04T21:06:00.900000,495153,,35975,513.4,2.2,,,58.5,,A3
2025-11-04T21:07:00.800000,495148,,39025,345.4,227.3,40.298264,-7.490662,0.2,1104,
2025-11-04T21:07:00.800000,440cc1,,,,,,,90.7,,A3
2025-11-04T21:07:00.800000,344197,,,,,,,123.6,,A3
2025-11-04T21:07:00.800000,405b66,,,,,,,224.9,,A3
2025-11-04T21:07:00.800000,4952c9,TAP57W,20850,338.0,201.7,39.815735,-8.483177,0.4,1172,A3
2025-11-04T21:07:00.800000,407f65,,,,,,,86.7,,A3
2025-11-04T21:07:00.800000,4866df,TRA5U,36000,492.9,351.1,40.207031,-8.259888,2.5,5260,A3
2025-11-04T21:07:00.800000,4d206b,,34025,503.4,39.8,,,1.8,6231,A3
2025-11-04T21:07:00.800000,49514d,TAP755,10425,249.9,211.1,39.329425,-8.756104,0.1,3745,A3
2025-11-04T21:07:00.800000,495153,,,,,,,51.5,,A3
2025-11-04T21:08:01.800000,347288,,32025,,,,,0.4,3330,
2025-11-04T21:08:01.800000,495148,,39025,344.1,227.8,40.232678,-7.583625,1.1,1104,
2025-11-04T21:08:01.800000,440cc1,,,,,,,151.6,,A3
2025-11-04T21:08:01.800000,344197,,18625,,,39.090088,-8.281721,46.7,,A3
2025-11-04T21:08:01.800000,405b66,,,,,,,285.9,,A3
2025-11-04T21:08:01.800000,4952c9,TAP57W,18825,318.0,207.5,39.730133,-8.531361,0.0,1172,A3
2025-11-04T21:08:01.800000,407f65,,,,,,,147.7,,A3
2025-11-04T21:08:01.800000,4866df,TRA5U,36000,496.7,351.3,40.350174,-8.288635,0.0,5260,A3
2025-11-04T21:08:01.800000,4d206b,WMT2TU,34050,501.0,40.1,40.050613,-7.33275,0.1,6231,A3
2025-11-04T21:08:01.800000,49514d,TAP755,9400,226.6,211.1,39.271794,-8.800842,0.2,3745,A3
2025-11-04T21:08:01.800000,495153,,,,,,,112.5,,A3
2025-11-04T21:09:01.800000,40768d,EZY68TX,33950,529.6,25.5,42.022752,-8.830133,13.1,,A3
2025-11-04T21:09:01.800000,347288,,32000,487.1,111.6,,,28.0,3330,
2025-11-04T21:09:01.800000,495148,TAP1243,39050,338.3,227.4,40.148279,-7.704038,0.2,1104,A3
2025-11-04T21:09:01.800000,440cc1,,,,,,,211.6,,A3
2025-11-04T21:09:01.800000,344197,,20825,431.1,63.6,39.15532,-8.112732,3.2,3357,A3
2025-11-04T21:09:01.800000,4952c9,TAP57W,16650,311.7,207.3,39.653894,-8.582581,0.1,1172,A3
2025-11-04T21:09:01.800000,407f65,,,,,,,207.7,,A3
2025-11-04T21:09:01.800000,4866df,TRA5U,36000,497.8,351.2,40.424011,-8.303467,18.5,5260,A3
2025-11-04T21:09:01.800000,4d206b,WMT2TU,34025,497.7,39.9,40.156082,-7.217651,0.6,6231,A3
2025-11-04T21:09:01.800000,49514d,TAP755,8400,204.6,211.2,39.220959,-8.840393,0.2,3745,A3
2025-11-04T21:09:01.800000,495153,,,,,,,172.5,,A3
2025-11-04T21:10:01.900000,40768d,EZY68TX,34025,531.8,25.7,42.205143,-8.712414,4.3,6224,A3
2025-11-04T21:10:01.900000,347288,,,,,,,88.0,,
2025-11-04T21:10:01.900000,495148,TAP1243,39000,335.9,225.4,40.090741,-7.784687,1.1,1104,A3
2025-11-04T21:10:01.900000,440cc1,,,,,,,271.7,,A3
2025-11-04T21:10:01.900000,344197,,,443.6,63.5,,,4.3,,A3
2025-11-04T21:10:01.900000,4952c9,TAP57W,14900,292.9,207.0,39.578201,-8.632568,0.0,1172,A3
2025-11-04T21:10:01.900000,407f65,,36025,,,,,4.9,,A3
2025-11-04T21:10:01.900000,4866df,,,,,,,78.6,,A3
2025-11-04T21:10:01.900000,4d206b,WMT2TU,34000,493.3,40.0,40.258701,-7.105158,1.9,6231,A3
2025-11-04T21:10:01.900000,49514d,TAP755,7425,198.6,210.6,39.196891,-8.859009,0.5,3745,A3
2025-11-04T21:10:01.900000,495153,,,,,,,232.6,,A3
2025-11-04T21:11:00.800000,40768d,,34025,,,42.205143,-8.712414,55.0,,A3
2025-11-04T21:11:00.800000,347288,,,,,,,147.0,,
2025-11-04T21:11:00.800000,495148,TAP1243,38950,334.5,221.1,40.014162,-7.872516,0.1,1104,A3
2025-11-04T21:11:00.800000,344197,ANE69NZ,24225,453.9,63.7,39.295722,-7.74884,0.0,3357,A3
2025-11-04T21:11:00.800000,4952c9,TAP57W,13425,277.3,207.0,39.508419,-8.678833,0.1,1172,A3
2025-11-04T21:11:00.800000,407f65,,36025,483.5,27.5,,,6.7,,A3
2025-11-04T21:11:00.800000,4866df,,36000,,,,,6.9,,A3
2025-11-04T21:11:00.800000,4d206b,,33975,493.3,40.0,40.283374,-7.078067,46.9,6231,A3
2025-11-04T21:11:00.800000,49514d,,7425,198.6,210.6,,,59.4,,A3
2025-11-04T21:11:00.800000,495153,,,,,,,291.5,,A3
2025-11-04T21:12:00.900000,4cadb7,,39000,404.0,173.0,,,1.6,4534,
2025-11-04T21:12:00.900000,4ca7b7,,32500,475.0,350.9,38.706894,-7.925024,0.7,1150,
2025-11-04T21:12:00.900000,40768d,,,,,,,115.0,,A3
2025-11-04T21:12:00.900000,347288,,,,,,,207.0,,
2025-11-04T21:12:00.900000,495148,TAP1243,38025,340.2,221.2,39.944101,-7.952042,0.3,1104,A3
2025-11-04T21:12:00.900000,344197,,24250,454.4,63.6,39.297455,-7.744227,28.1,3357,A3
2025-11-04T21:12:00.900000,4952c9,TAP57W,12125,256.3,207.2,39.442017,-8.722547,0.4,1172,A3
2025-11-04T21:12:00.900000,407f65,,36025,483.5,27.5,,,9.1,,A3
2025-11-04T21:12:00.900000,4866df,,,,,,,66.9,,A3
2025-11-04T21:12:00.900000,4d206b,,,,,,,107.0,,A3
2025-11-04T21:12:00.900000,49514d,,,,,,,59.7,,A3
2025-11-04T21:13:00.900000,495211,TAP36RC,17350,408.7,20.0,39.139027,-8.805969,0.2,4402,A3
2025-11-04T21:13:00.900000,4867b0,,37975,487.8,15.1,,,2.0,0466,
2025-11-04T21:13:00.900000,4cadb7,,39025,397.8,173.2,40.345551,-7.953857,0.2,4534,
2025-11-04T21:13:00.900000,4ca7b7,RYR1146,33700,475.0,350.9,38.839649,-7.952271,1.1,1150,A3
2025-11-04T21:13:00.900000,40768d,,,,,,,175.0,,A3
2025-11-04T21:13:00.900000,347288,,,,,,,267.0,,
2025-11-04T21:13:00.900000,495148,TAP1243,35725,358.7,220.9,39.8712,-8.034607,0.1,1104,A3
2025-11-04T21:13:00.900000,344197,,26650,465.6,63.9,39.406952,-7.457687,1.7,3357,A3
2025-11-04T21:13:00.900000,4952c9,TAP57W,11075,241.1,207.4,39.38175,-8.762634,0.2,1172,A3
2025-11-04T21:13:00.900000,407f65,,35975,484.4,27.7,,,4.6,,A3
2025-11-04T21:13:00.900000,4866df,,,,,,,126.9,,A3
2025-11-04T21:13:00.900000,4d206b,,,,,,,167.0,,A3
2025-11-04T21:13:00.900000,49514d,,,,,,,119.7,,A3
2025-11-04T21:14:01,4951cb,,28200,384.2,251.3,,,4.6,,
2025-11-04T21:14:01,495211,TAP36RC,19225,415.4,20.1,39.21405,-8.770911,19.0,4402,A3
2025-11-04T21:14:01,4867b0,,37975,,,,,51.9,,
2025-11-04T21:14:01,4cadb7,RYR9579,39000,394.8,173.2,40.285812,-7.944519,8.5,4534,
2025-11-04T21:14:01,4ca7b7,,34600,475.0,350.9,38.863903,-7.957214,13.1,1150,A3
2025-11-04T21:14:01,40768d,,,,,,,235.1,,A3
2025-11-04T21:14:01,495148,TAP1243,32800,373.7,220.8,39.79397,-8.121155,0.7,1104,A3
2025-11-04T21:14:01,344197,ANE69NZ,26925,465.1,64.0,39.416977,-7.431296,39.8,3357,A3
2025-11-04T21:14:01,4952c9,TAP57W,10500,238.4,207.2,39.350839,-8.783264,1.5,1172,A3
2025-11-04T21:14:01,407f65,,35975,484.4,27.7,,,64.7,,A3
2025-11-04T21:14:01,4866df,,,,,,,187.0,,A3
2025-11-04T21:14:01,4d206b,,,,,,,227.1,,A3
2025-11-04T21:14:01,49514d,,,,,,,179.9,,A3
2025-11-04T21:15:01.200000,4951cb,,,,,,,43.3,4027,
2025-11-04T21:15:01.200000,495211,TAP36RC,21975,424.9,20.1,39.332336,-8.715323,9.6,4402,A3
2025-11-04T21:15:01.200000,4867b0,,37975,,,,,2.0,,
2025-11-04T21:15:01.200000,4cadb7,RYR9579,39000,395.7,173.3,40.127472,-7.920227,0.0,4534,
2025-11-04T21:15:01.200000,4ca7b7,RYR1146,35875,472.0,350.9,39.105742,-8.006775,0.2,1150,A3
2025-11-04T21:15:01.200000,40768d,,,,,,,295.3,,A3
2025-11-04T21:15:01.200000,495148,TAP1243,29775,398.4,220.9,39.71269,-8.212219,0.0,1104,A3
2025-11-04T21:15:01.200000,344197,,28450,481.2,64.1,,,5.3,,A3
2025-11-04T21:15:01.200000,4952c9,TAP57W,8875,238.4,207.2,39.264206,-8.840515,0.3,1172,A3
2025-11-04T21:15:01.200000,407f65,,,,,,,124.9,,A3
2025-11-04T21:15:01.200000,4866df,,,,,,,247.2,,A3
2025-11-04T21:15:01.200000,4d206b,,,,,,,287.3,,A3
2025-11-04T21:15:01.200000,49514d,,,,,,,240.1,,A3
2025-11-04T21:16:00.900000,4078f0,,36025,506.8,24.0,38.44313,-7.665472,1.2,6215,
2025-11-04T21:16:00.900000,4951cb,,,,,,,103.0,,
2025-11-04T21:16:00.900000,495211,TAP36RC,24000,421.7,20.1,39.469208,-8.650718,0.1,4402,A3
2025-11-04T21:16:00.900000,4867b0,,37975,,,,,37.1,7753,
2025-11-04T21:16:00.900000,4cadb7,RYR9579,39000,395.8,173.2,40.019236,-7.90329,0.0,4534,A3
2025-11-04T21:16:00.900000,4ca7b7,RYR1146,36000,472.0,350.9,39.235245,-8.033573,0.3,1150,A3
2025-11-04T21:16:00.900000,495148,TAP1243,26775,399.2,220.8,39.629268,-8.305603,0.1,1104,A3
2025-11-04T21:16:00.900000,344197,,28725,482.1,64.2,39.535583,-7.117349,47.5,,A3
2025-11-04T21:16:00.900000,4952c9,TAP57W,8025,233.5,207.0,39.237213,-8.858264,13.6,1172,A3
2025-11-04T21:16:00.900000,407f65,,,,,,,184.6,,A3
2025-11-04T21:16:00.900000,49514d,,,,,,,299.8,,A3
2025-11-04T21:17:01.200000,8963d0,UAE194,16200,411.9,56.4,38.835251,-8.717592,0.2,1170,A5
2025-11-04T21:17:01.200000,485122,TRA6672,38000,533.4,33.1,39.272873,-8.82429,0.0,6252,A3
2025-11-04T21:17:01.200000,4078f0,,36050,,,,,37.4,6215,
2025-11-04T21:17:01.200000,4951cb,,21700,345.6,251.1,,,0.3,4027,
2025-11-04T21:17:01.200000,495211,TAP36RC,24000,438.8,20.1,39.583694,-8.596558,0.2,4402,A3
2025-11-04T21:17:01.200000,4867b0,,,,,,,97.4,,
2025-11-04T21:17:01.200000,4cadb7,RYR9579,39000,397.7,173.4,39.910355,-7.886751,0.0,4534,A3
2025-11-04T21:17:01.200000,4ca7b7,RYR1146,36000,468.9,350.9,39.365524,-8.060442,0.0,1150,A3
2025-11-04T21:17:01.200000,495148,TAP1243,23725,392.1,220.8,39.545102,-8.399353,0.1,1104,A3
2025-11-04T21:17:01.200000,344197,,,,,,,107.8,,A3
2025-11-04T21:17:01.200000,4952c9,,,,,,,73.9,,A3
2025-11-04T21:17:01.200000,407f65,,,,,,,244.9,,A3
2025-11-04T21:18:01.200000,8963d0,UAE194,18650,423.8,56.2,38.89682,-8.599548,0.2,1170,A5
2025-11-04T21:18:01.200000,485122,TRA6672,38000,536.1,33.1,39.393173,-8.723204,0.3,6252,A3
2025-11-04T21:18:01.200000,4078f0,EZY19WP,36000,507.2,24.1,38.718148,-7.510132,2.9,6215,A3
2025-11-04T21:18:01.200000,4951cb,TAP837,18775,322.0,250.8,39.179855,-7.759094,2.7,4027,A3
2025-11-04T21:18:01.200000,495211,TAP36RC,24000,442.3,20.2,39.699371,-8.541572,0.1,4402,A3
2025-11-04T21:18:01.200000,4867b0,TRA7C,37975,489.0,15.2,39.055023,-7.28095,1.4,7753,A3
2025-11-04T21:18:01.200000,4cadb7,RYR9579,39000,400.8,173.3,39.803879,-7.870391,2.8,4534,A3
2025-11-04T21:18:01.200000,4ca7b7,RYR1146,36000,467.1,350.8,39.489798,-8.086304,0.3,1150,A3
2025-11-04T21:18:01.200000,495148,TAP1243,20750,379.4,220.6,39.464194,-8.489136,0.2,1104,A3
2025-11-04T21:18:01.200000,344197,,,,,,,167.8,,A3
2025-11-04T21:18:01.200000,4952c9,,6000,,,,,40.8,,A3
2025-11-04T21:19:01.200000,8963d0,UAE194,1525,428.5,56.4,38.916647,-8.561462,2.1,1170,A5
2025-11-04T21:19:01.200000,485122,TRA6672,38000,537.5,33.2,39.521988,-8.614475,0.0,6252,A3
2025-11-04T21:19:01.200000,4078f0,,36000,507.2,24.1,38.765076,-7.483302,7.5,6215,A3
2025-11-04T21:19:01.200000,4951cb,,16900,322.0,250.8,39.148803,-7.87439,0.1,4027,A3
2025-11-04T21:19:01.200000,495211,TAP36RC,24000,431.9,3.7,39.817293,-8.508423,0.0,4402,A3
2025-11-04T21:19:01.200000,4867b0,TRA7C,38000,489.0,15.2,39.099335,-7.265486,24.6,7753,A3
2025-11-04T21:19:01.200000,4cadb7,RYR9579,39000,404.7,173.3,39.688202,-7.852717,0.3,4534,A3
2025-11-04T21:19:01.200000,4ca7b7,RYR1146,36000,468.0,350.8,39.620144,-8.113708,0.2,1150,A3
2025-11-04T21:19:01.200000,495148,TAP1243,18225,353.9,220.5,39.38562,-8.575964,0.0,1104,A3
2025-11-04T21:19:01.200000,344197,,,,,,,227.8,,A3
2025-11-04T21:19:01.200000,4952c9,,,,,,,100.8,,A3
2025-11-04T21:20:01.600000,aabbd0,,40000,,,,,13.2,,
2025-11-04T21:20:01.600000,8963d0,UAE194,21800,445.5,57.6,38.98992,-8.420471,29.9,1170,A5
2025-11-04T21:20:01.600000,485122,TRA6672,38000,539.5,33.3,39.636577,-8.517456,0.8,6252,A3
2025-11-04T21:20:01.600000,4078f0,EZY19WP,36000,505.8,24.0,38.982425,-7.359558,0.5,6215,A3
2025-11-04T21:20:01.600000,4951cb,,15550,307.7,251.0,39.121709,-7.97522,2.2,4027,A3
2025-11-04T21:20:01.600000,495211,TAP36RC,24000,433.9,3.7,39.931,-8.498901,0.9,4402,A3
2025-11-04T21:20:01.600000,4867b0,,37975,504.6,27.9,,,4.2,7753,A3
2025-11-04T21:20:01.600000,4cadb7,RYR9579,39000,406.7,173.4,39.579666,-7.836178,0.4,4534,A3
2025-11-04T21:20:01.600000,4ca7b7,RYR1146,36000,468.2,350.7,39.748993,-8.141108,0.2,1150,A3
2025-11-04T21:20:01.600000,495148,TAP1243,15550,340.3,220.9,39.312469,-8.656749,0.0,1104,A3
2025-11-04T21:20:01.600000,344197,,,,,,,288.2,,A3
2025-11-04T21:20:01.600000,4952c9,,,,,,,161.2,,A3
2025-11-04T21:21:01.700000,aabbd0,,40000,562.8,57.2,,,2.7,2306,
2025-11-04T21:21:01.700000,8963d0,UAE194,24250,473.7,60.7,39.087524,-8.207205,6.9,1170,A5
2025-11-04T21:21:01.700000,485122,TRA6672,38000,534.8,28.7,39.777832,-8.413258,0.0,6252,A3
2025-11-04T21:21:01.700000,4078f0,EZY19WP,36000,505.8,24.0,39.112306,-7.285095,0.6,6215,A3
2025-11-04T21:21:01.700000,4951cb,TAP837,14200,305.8,250.9,39.095547,-8.071899,6.7,4027,A3
2025-11-04T21:21:01.700000,495211,TAP36RC,24000,431.9,3.7,40.056702,-8.488281,0.1,4402,A3
2025-11-04T21:21:01.700000,4867b0,,38000,502.7,27.2,,,0.5,,A3
2025-11-04T21:21:01.700000,4cadb7,RYR9579,39000,409.8,173.3,39.462518,-7.818481,0.1,4534,A3
2025-11-04T21:21:01.700000,4ca7b7,RYR1146,36000,466.2,350.6,39.875809,-8.167969,0.1,1150,A3
2025-11-04T21:21:01.700000,495148,TAP1243,12425,334.8,220.4,39.243071,-8.732849,0.0,1104,A3
2025-11-04T21:21:01.700000,4952c9,,,,,,,221.3,,A3
2025-11-04T21:22:01.100000,aabbd0,,40000,,,,,62.1,,
2025-11-04T21:22:01.100000,8963d0,UAE194,26100,488.4,61.0,39.154575,-8.05249,1.4,1170,A5
2025-11-04T21:22:01.100000,485122,TRA6672,38000,533.4,28.7,39.904904,-8.323059,0.1,6252,A3
2025-11-04T21:22:01.100000,4078f0,EZY19WP,35975,508.1,25.9,39.234283,-7.214017,2.7,6215,A3
2025-11-04T21:22:01.100000,4951cb,,14200,305.8,250.9,39.095547,-8.071899,66.0,,A3
2025-11-04T21:22:01.100000,495211,TAP36RC,24000,430.9,3.7,40.175079,-8.47821,0.3,4402,A3
2025-11-04T21:22:01.100000,4867b0,TRA7C,38025,502.3,27.4,39.527664,-7.01889,17.6,7753,A3
2025-11-04T21:22:01.100000,4cadb7,,39000,410.8,173.3,39.414093,-7.81116,4.6,4534,A3
2025-11-04T21:22:01.100000,4ca7b7,RYR1146,36000,467.1,350.8,40.00383,-8.195068,0.2,1150,A3
2025-11-04T21:22:01.100000,495148,TAP1243,11050,260.2,220.8,39.178224,-8.804016,0.1,1104,A3
2025-11-04T21:22:01.100000,4952c9,,,,,,,280.7,,A3
2025-11-04T21:23:01.900000,4952c7,,21600,404.2,61.2,38.86786,-8.677429,0.6,4404,
2025-11-04T21:23:01.900000,407f1f,RUK31UW,36000,471.2,6.7,38.309097,-7.523239,6.5,7755,
2025-11-04T21:23:01.900000,aabbd0,,39975,559.8,57.5,38.946021,-8.169373,0.4,2306,
2025-11-04T21:23:01.900000,8963d0,,27950,491.1,60.9,39.230502,-7.87738,0.4,1170,A5
2025-11-04T21:23:01.900000,485122,TRA6672,38000,531.7,28.8,40.027359,-8.23584,1.3,6252,A3
2025-11-04T21:23:01.900000,4078f0,EZY19WP,36000,509.0,27.1,39.351817,-7.135864,2.0,6215,A3
2025-11-04T21:23:01.900000,4951cb,TAP837,11675,298.9,260.8,39.064403,-8.266785,6.6,4027,A3
2025-11-04T21:23:01.900000,495211,TAP36RC,24000,431.9,3.7,40.210144,-8.47522,29.3,4402,A3
2025-11-04T21:23:01.900000,4867b0,,,,,,,78.4,,A3
2025-11-04T21:23:01.900000,4cadb7,RYR9579,39000,408.8,173.3,39.240185,-7.784912,0.1,4534,A3
2025-11-04T21:23:01.900000,4ca7b7,RYR1146,36000,473.3,350.6,40.135198,-8.22283,0.3,1150,A3
2025-11-04T21:23:01.900000,495148,TAP1243,9375,231.2,220.4,39.137304,-8.849365,11.3,1104,A3
2025-11-04T21:24:01.200000,4952c7,TAP1022,24050,431.4,61.5,38.920715,-8.553215,1.3,4404,
2025-11-04T21:24:01.200000,407f1f,,36000,,,,,58.1,,
2025-11-04T21:24:01.200000,aabbd0,AVA046,40000,559.3,57.6,38.959808,-8.141705,1.1,2306,
2025-11-04T21:24:01.200000,8963d0,UAE194,29300,513.4,61.0,39.297304,-7.722534,0.5,1170,A5
2025-11-04T21:24:01.200000,485122,,38000,530.8,28.8,40.068535,-8.206413,0.2,6252,A3
2025-11-04T21:24:01.200000,4078f0,EZY19WP,36000,507.6,27.3,39.489349,-7.044684,0.1,6215,A3
2025-11-04T21:24:01.200000,4951cb,,,291.7,260.9,,,0.8,1453,A3
2025-11-04T21:24:01.200000,495211,,,,,,,88.7,,A3
2025-11-04T21:24:01.200000,4867b0,,,,,,,137.8,,A3
2025-11-04T21:24:01.200000,4cadb7,RYR9579,39000,408.6,173.5,39.173475,-7.774902,1.2,4534,A3
2025-11-04T21:24:01.200000,4ca7b7,RYR1146,36000,475.4,350.6,40.261688,-8.250244,0.1,1150,A3
2025-11-04T21:24:01.200000,495148,,8375,,,39.120639,-8.867676,43.3,,A3
2025-11-04T21:25:00.200000,4cad2b,,,288.2,177.8,,,1.6,,
2025-11-04T21:25:00.200000,4952c7,,26625,440.3,61.5,38.980051,-8.412903,0.1,4404,
2025-11-04T21:25:00.200000,407f1f,,36000,475.4,6.9,38.645691,-7.472315,0.1,,
2025-11-04T21:25:00.200000,aabbd0,AVA046,39975,562.3,57.6,39.109001,-7.840271,0.2,2306,A5
2025-11-04T21:25:00.200000,8963d0,,30575,525.1,60.9,39.364433,-7.567017,0.4,1170,A5
2025-11-04T21:25:00.200000,485122,TRA6672,38000,532.2,28.9,40.239103,-8.083878,6.5,6252,A3
2025-11-04T21:25:00.200000,4078f0,EZY19WP,36000,508.1,27.4,39.552643,-7.002319,28.8,6215,A3
2025-11-04T21:25:00.200000,4951cb,TAP837,9425,256.3,260.8,39.038288,-8.475525,1.1,4027,A3
2025-11-04T21:25:00.200000,495211,,22600,,,40.512909,-8.44928,8.6,,A3
2025-11-04T21:25:00.200000,4867b0,,,,,,,196.8,,A3
2025-11-04T21:25:00.200000,4cadb7,,39000,409.9,173.1,39.02916,-7.753541,3.7,4534,A3
2025-11-04T21:25:00.200000,4ca7b7,RYR1146,36000,478.2,350.7,40.383601,-8.276201,1.4,1150,A3
2025-11-04T21:25:00.200000,495148,,57300,,,,,54.4,,A3
2025-11-04T21:26:00.600000,4ca849,RUK278L,20075,424.3,16.4,39.073105,-8.776703,0.6,2215,A3
2025-11-04T21:26:00.600000,4cad2b,RYR2DK,15475,304.2,177.7,40.797821,-8.621765,0.0,3345,A3
2025-11-04T21:26:00.600000,4952c7,TAP1022,28100,463.5,61.7,39.038589,-8.27378,0.3,4404,
2025-11-04T21:26:00.600000,407f1f,,36000,475.4,6.9,38.673523,-7.468076,25.4,7755,
2025-11-04T21:26:00.600000,aabbd0,,40000,558.5,57.9,39.180176,-7.695206,0.2,2306,A5
2025-11-04T21:26:00.600000,8963d0,,31300,538.0,61.1,39.41922,-7.439297,8.5,1170,A5
2025-11-04T21:26:00.600000,485122,,38000,,,40.296707,-8.042297,58.4,,A3
2025-11-04T21:26:00.600000,4078f0,,,,,,,89.2,,A3
2025-11-04T21:26:00.600000,4951cb,TAP837,8400,256.3,260.8,39.038288,-8.475525,5.9,,A3
2025-11-04T21:26:00.600000,495211,,22600,,,40.512909,-8.44928,69.0,,A3
2025-11-04T21:26:00.600000,4867b0,,,,,,,23.4,,A3
2025-11-04T21:26:00.600000,4cadb7,RYR9579,39000,413.2,172.9,38.9058,-7.734802,2.4,4534,A3
2025-11-04T21:26:00.600000,4ca7b7,RYR1146,36000,479.4,350.6,40.436737,-8.287598,37.3,1150,A3
2025-11-04T21:26:00.600000,495148,,,,,,,114.8,,A3
2025-11-04T21:27:00.600000,4ca849,RUK278L,21950,438.2,16.6,39.154017,-8.746033,0.2,2215,A3
2025-11-04T21:27:00.600000,4cad2b,RYR2DK,18325,296.2,178.1,40.715012,-8.617188,0.0,3345,A3
2025-11-04T21:27:00.600000,4952c7,TAP1022,28800,476.5,61.8,39.073714,-8.190063,13.8,4404,A3
2025-11-04T21:27:00.600000,407f1f,,,,,,,38.4,,
2025-11-04T21:27:00.600000,aabbd0,,40000,558.5,57.9,39.225037,-7.603614,24.2,2306,A5
2025-11-04T21:27:00.600000,8963d0,UAE194,32000,546.5,61.2,39.495529,-7.260769,1.2,1170,A5
2025-11-04T21:27:00.600000,485122,TRA6672,38000,,,,,8.7,,A3
2025-11-04T21:27:00.600000,4078f0,,,,,,,149.3,,A3
2025-11-04T21:27:00.600000,4951cb,,7550,247.1,260.9,39.017075,-8.644031,2.1,4027,A3
2025-11-04T21:27:00.600000,495211,,,,,,,129.0,,A3
2025-11-04T21:27:00.600000,4867b0,,,,,,,83.4,,A3
2025-11-04T21:27:00.600000,4cadb7,RYR9579,38075,465.3,135.3,38.798126,-7.657471,0.0,4534,A3
2025-11-04T21:27:00.600000,4ca7b7,,36000,486.5,350.7,40.651611,-8.334351,0.2,1150,A3
2025-11-04T21:27:00.600000,495148,,,,,,,174.8,,A3
2025-11-04T21:28:01.300000,347658,,16325,430.7,56.0,38.824008,-8.735474,1.2,4405,
2025-11-04T21:28:01.300000,4ca849,RUK278L,23775,452.8,16.6,39.308121,-8.686961,2.9,2215,A3
2025-11-04T21:28:01.300000,4cad2b,RYR2DK,19900,299.3,174.6,40.662048,-8.61261,20.2,3345,A3
2025-11-04T21:28:01.300000,4952c7,TAP1022,29950,497.9,61.8,39.153122,-7.999898,10.5,4404,A3
2025-11-04T21:28:01.300000,407f1f,RUK31UW,36000,477.4,6.9,39.043854,-7.411472,0.1,7755,A3
2025-11-04T21:28:01.300000,aabbd0,,,,,,,84.8,,A5
2025-11-04T21:28:01.300000,8963d0,,32000,546.5,61.2,39.523269,-7.195435,46.9,1170,A5
2025-11-04T21:28:01.300000,485122,TRA6672,,,,,,69.4,,A3
2025-11-04T21:28:01.300000,4078f0,,,,,,,209.9,,A3
2025-11-04T21:28:01.300000,4951cb,TAP837,6450,249.2,260.8,39.004669,-8.741057,6.2,,A3
2025-11-04T21:28:01.300000,495211,,,,,,,189.7,,A3
2025-11-04T21:28:01.300000,4867b0,,38000,,,,,2.9,,A3
2025-11-04T21:28:01.300000,4cadb7,RYR9579,37300,444.9,136.5,38.71962,-7.560146,0.1,4534,A3
2025-11-04T21:28:01.300000,4ca7b7,RYR1146,36000,486.5,350.7,40.720642,-8.349243,11.1,1150,A3
2025-11-04T21:28:01.300000,495148,,,,,,,235.5,,A3
2025-11-04T21:29:01.100000,347658,,16725,438.2,56.2,38.837368,-8.710022,32.7,4405,
2025-11-04T21:29:01.100000,4ca849,RUK278L,25475,461.3,16.6,39.434326,-8.638598,0.1,2215,A3
2025-11-04T21:29:01.100000,4cad2b,,21450,,,,,21.6,3345,A3
2025-11-04T21:29:01.100000,4952c7,,,503.3,61.9,,,3.4,,A3
2025-11-04T21:29:01.100000,407f1f,RUK31UW,36000,477.4,6.9,39.149277,-7.395172,1.0,7755,A3
2025-11-04T21:29:01.100000,aabbd0,,,,,,,144.6,,A5
2025-11-04T21:29:01.100000,8963d0,,,,,,,106.7,,A5
2025-11-04T21:29:01.100000,485122,,,,,,,129.2,,A3
2025-11-04T21:29:01.100000,4078f0,,,,,,,31.6,,A3
2025-11-04T21:29:01.100000,4951cb,,6075,,,39.000549,-8.773598,43.0,4027,A3
2025-11-04T21:29:01.100000,495211,,,,,,,249.5,,A3
2025-11-04T21:29:01.100000,4867b0,,37975,,,,,9.4,,A3
2025-11-04T21:29:01.100000,4cadb7,,35475,457.6,136.2,38.664917,-7.49393,12.2,4534,A3
2025-11-04T21:29:01.100000,4ca7b7,,,,,,,70.9,,A3
2025-11-04T21:29:01.100000,495148,,,,,,,295.3,,A3
2025-11-04T21:30:00.800000,347658,VLG1EN,19275,443.5,56.3,38.916824,-8.558051,22.4,4405,A3
2025-11-04T21:30:00.800000,4ca849,RUK278L,26900,468.6,16.6,39.554718,-8.592324,1.0,2215,A3
2025-11-04T21:30:00.800000,4cad2b,,,,,,,81.4,,A3
2025-11-04T21:30:00.800000,4952c7,TAP1022,30000,500.6,62.0,39.26326,-7.734315,29.1,4404,A3
2025-11-04T21:30:00.800000,407f1f,,36000,477.4,6.9,39.288739,-7.373657,1.1,7755,A3
2025-11-04T21:30:00.800000,aabbd0,,,,,,,204.4,,A5
2025-11-04T21:30:00.800000,8963d0,,,,,,,166.4,,A5
2025-11-04T21:30:00.800000,485122,,,,,,,188.9,,A3
2025-11-04T21:30:00.800000,4078f0,,36025,508.7,25.0,,,21.1,6215,A3
2025-11-04T21:30:00.800000,4951cb,,,,,,,102.7,,A3
2025-11-04T21:30:00.800000,4867b0,,37975,,,,,69.1,,A3
2025-11-04T21:30:00.800000,4cadb7,,34525,,,38.600883,-7.415894,36.9,5077,A3
2025-11-04T21:30:00.800000,4ca7b7,,,,,,,130.6,,A3
2025-11-04T21:31:00.600000,396671,TAY3PO,12300,301.1,113.1,40.986511,-8.575928,1.6,2216,A3
2025-11-04T21:31:00.600000,495211,,,371.1,348.8,,,6.2,,
2025-11-04T21:31:00.600000,347658,VLG1EN,21275,450.1,56.4,38.988281,-8.420841,35.3,4405,A3
2025-11-04T21:31:00.600000,4ca849,RUK278L,28400,473.9,16.7,39.683487,-8.542587,0.2,2215,A3
2025-11-04T21:31:00.600000,4cad2b,RYR2DK,24625,395.2,172.7,40.33699,-8.557617,0.1,3345,A3
2025-11-04T21:31:00.600000,4952c7,,,,,,,88.9,,A3
2025-11-04T21:31:00.600000,407f1f,RUK31UW,36000,478.4,6.8,39.399626,-7.356445,1.0,7755,A3
2025-11-04T21:31:00.600000,aabbd0,,,,,,,264.1,,A5
2025-11-04T21:31:00.600000,8963d0,,,,,,,226.2,,A5
2025-11-04T21:31:00.600000,485122,,,,,,,248.6,,A3
2025-11-04T21:31:00.600000,4078f0,EZY19WP,36000,506.9,25.1,40.285655,-6.517015,20.0,6215,A3
2025-11-04T21:31:00.600000,4951cb,,,,,,,162.4,,A3
2025-11-04T21:31:00.600000,4867b0,,,,,,,128.8,,A3
2025-11-04T21:31:00.600000,4cadb7,,,,,,,96.7,,A3
2025-11-04T21:31:00.600000,4ca7b7,,,,,,,190.4,,A3
2025-11-04T21:32:01.500000,396671,,12950,364.2,79.4,40.980972,-8.543823,29.4,2216,A3
2025-11-04T21:32:01.500000,495211,,,,,,,67.2,,
2025-11-04T21:32:01.500000,347658,VLG1EN,24025,456.7,60.6,39.086935,-8.201843,2.2,4405,A3
2025-11-04T21:32:01.500000,4ca849,RUK278L,30375,451.2,358.5,39.810562,-8.515658,0.1,2215,A3
2025-11-04T21:32:01.500000,4cad2b,RYR2DK,25575,415.5,172.5,40.241337,-8.541496,8.2,3345,A3
2025-11-04T21:32:01.500000,4952c7,,29950,491.6,62.2,,,25.8,4404,A3
2025-11-04T21:32:01.500000,407f1f,,36000,478.4,6.8,39.551239,-7.333016,1.8,7755,A3
2025-11-04T21:32:01.500000,8963d0,,,,,,,287.2,,A5
2025-11-04T21:32:01.500000,4078f0,,35975,510.0,25.3,40.395126,-6.449829,1.7,6215,A3
2025-11-04T21:32:01.500000,4951cb,,,,,,,223.4,,A3
2025-11-04T21:32:01.500000,4867b0,,,,,,,189.8,,A3
2025-11-04T21:32:01.500000,4cadb7,,,,,,,157.6,,A3
2025-11-04T21:32:01.500000,4ca7b7,,,,,,,251.3,,A3
2025-11-04T21:33:00.800000,4081c0,,34675,,,40.354459,-8.154914,10.8,,
2025-11-04T21:33:00.800000,396671,,,,,,,88.7,,A3
2025-11-04T21:33:00.800000,495211,,,,,,,126.4,,
2025-11-04T21:33:00.800000,347658,VLG1EN,26100,450.9,60.6,39.151199,-8.055307,0.6,4405,A3
2025-11-04T21:33:00.800000,4ca849,RUK278L,31050,465.2,358.2,39.911636,-8.519838,0.5,2215,A3
2025-11-04T21:33:00.800000,4cad2b,RYR2DK,27625,411.4,172.6,40.110306,-8.519104,0.1,3345,A3
2025-11-04T21:33:00.800000,4952c7,,,,,,,25.4,,A3
2025-11-04T21:33:00.800000,407f1f,,36000,,,39.577595,-7.328918,52.4,7755,A3
2025-11-04T21:33:00.800000,4078f0,,36000,510.8,25.5,40.621582,-6.309082,1.3,6215,A3
2025-11-04T21:33:00.800000,4951cb,,,,,,,282.7,,A3
2025-11-04T21:33:00.800000,4867b0,,,,,,,249.1,,A3
2025-11-04T21:33:00.800000,4cadb7,,,,,,,3.3,,A3
2025-11-04T21:34:01.400000,4081c0,BAW512,29525,417.9,204.9,40.23642,-8.226746,0.1,2265,A3
2025-11-04T21:34:01.400000,396671,TAY3PO,,,,,,9.2,,A3
2025-11-04T21:34:01.400000,495211,,,,,,,187.1,,
2025-11-04T21:34:01.400000,347658,VLG1EN,26700,458.5,60.8,39.179214,-7.99124,6.4,4405,A3
2025-11-04T21:34:01.400000,4ca849,RUK278L,31600,491.2,358.5,40.057571,-8.525513,0.3,2215,A3
2025-11-04T21:34:01.400000,4cad2b,RYR2DK,28750,423.5,172.7,39.993942,-8.499634,0.1,3345,A3
2025-11-04T21:34:01.400000,4952c7,,29950,,,39.537607,-7.062256,6.8,,A3
2025-11-04T21:34:01.400000,407f1f,,110500,,,,,52.5,,A3
2025-11-04T21:34:01.400000,4078f0,,36000,509.9,25.3,40.621582,-6.309082,21.1,6510,A3
2025-11-04T21:34:01.400000,4cadb7,,,,,,,64.0,,A3
2025-11-04T21:35:01.500000,4ca95e,,39000,,,,,0.3,,
2025-11-04T21:35:01.500000,4cae9e,RYR77EW,9425,340.1,69.7,41.142929,-8.502808,6.7,3340,A3
2025-11-04T21:35:01.500000,4081c0,BAW512,27500,386.6,202.2,40.133972,-8.285828,0.3,2265,A3
2025-11-04T21:35:01.500000,396671,TAY3PO,20750,408.7,354.8,41.325439,-8.471497,5.1,,A3
2025-11-04T21:35:01.500000,495211,,,,,,,247.2,,
2025-11-04T21:35:01.500000,347658,VLG1EN,29200,454.9,60.8,39.275983,-7.768799,0.0,4405,A3
2025-11-04T21:35:01.500000,4ca849,RUK278L,32600,501.2,358.3,40.210054,-8.531133,0.1,2215,A3
2025-11-04T21:35:01.500000,4cad2b,RYR2DK,30475,413.5,172.5,39.876787,-8.479797,0.0,3345,A3
2025-11-04T21:35:01.500000,4952c7,,,,,,,66.9,,A3
2025-11-04T21:35:01.500000,407f1f,,,478.0,6.9,,,2.4,7755,A3
2025-11-04T21:35:01.500000,4078f0,,,,,,,81.2,,A3
2025-11-04T21:35:01.500000,4cadb7,,,,,,,124.0,,A3
2025-11-04T21:36:01.700000,4951ce,,21275,424.3,59.1,38.807281,-8.725055,1.5,3360,
2025-11-04T21:36:01.700000,4ca95e,RYR74YL,39000,373.6,193.0,40.163635,-7.658813,1.2,1151,A3
2025-11-04T21:36:01.700000,4cae9e,,,,,,,66.8,,A3
2025-11-04T21:36:01.700000,4081c0,BAW512,24775,382.5,202.3,40.041367,-8.335205,1.7,2265,A3
2025-11-04T21:36:01.700000,396671,,,415.7,354.8,,,54.7,6463,A3
2025-11-04T21:36:01.700000,347658,VLG1EN,29700,458.8,60.9,39.291504,-7.733061,27.9,4405,A3
2025-11-04T21:36:01.700000,4ca849,RUK278L,33825,501.3,358.2,40.346329,-8.53656,0.7,2215,A3
2025-11-04T21:36:01.700000,4cad2b,RYR2DK,32000,414.3,172.8,39.763504,-8.460667,0.1,3345,A3
2025-11-04T21:36:01.700000,4952c7,,,,,,,127.1,,A3
2025-11-04T21:36:01.700000,407f1f,RUK31UW,36000,479.5,6.9,40.097763,-7.24707,0.3,7755,A3
2025-11-04T21:36:01.700000,4078f0,,,,,,,141.4,,A3
2025-11-04T21:36:01.700000,4cadb7,,,,,,,184.2,,A3
2025-11-04T21:37:01.800000,4951ce,,22800,413.0,59.3,38.834947,-8.666077,0.3,3360,
2025-11-04T21:37:01.800000,4ca95e,RYR74YL,39000,373.5,193.6,40.044388,-7.695312,0.4,1151,A3
2025-11-04T21:37:01.800000,4cae9e,,,378.1,353.9,,,17.7,,A3
2025-11-04T21:37:01.800000,4081c0,BAW512,22375,358.8,202.3,39.938736,-8.389709,0.0,2265,A3
2025-11-04T21:37:01.800000,396671,,26600,,,,,51.8,,A3
2025-11-04T21:37:01.800000,347658,,30000,453.0,60.9,39.363144,-7.567072,2.8,,A3
2025-11-04T21:37:01.800000,4ca849,RUK278L,34000,499.3,358.2,40.456604,-8.541077,10.1,2215,A3
2025-11-04T21:37:01.800000,4cad2b,RYR2DK,33450,411.4,172.6,39.649979,-8.441799,0.1,3345,A3
2025-11-04T21:37:01.800000,4952c7,,,,,,,187.2,,A3
2025-11-04T21:37:01.800000,407f1f,RUK31UW,36000,482.5,6.9,40.185562,-7.233337,7.7,7755,A3
2025-11-04T21:37:01.800000,4078f0,,,,,,,201.5,,A3
2025-11-04T21:37:01.800000,4cadb7,,,,,,,244.3,,A3
2025-11-04T21:38:01.100000,4951ce,TAP1040,25650,420.2,59.2,38.89514,-8.536865,26.2,3360,A3
2025-11-04T21:38:01.100000,4ca95e,RYR74YL,39000,375.7,193.1,39.949036,-7.724609,1.2,1151,A3
2025-11-04T21:38:01.100000,4cae9e,,,,,,,76.9,,A3
2025-11-04T21:38:01.100000,4081c0,BAW512,20100,342.2,202.1,39.850252,-8.436707,0.0,2265,A3
2025-11-04T21:38:01.100000,396671,,,,,,,111.1,,A3
2025-11-04T21:38:01.100000,347658,,30000,453.0,60.9,39.414569,-7.44751,43.0,4405,A3
2025-11-04T21:38:01.100000,4ca849,,,,,,,69.4,,A3
2025-11-04T21:38:01.100000,4cad2b,RYR2DK,35175,397.2,172.8,39.540726,-8.423584,0.4,3345,A3
2025-11-04T21:38:01.100000,4952c7,,,,,,,246.5,,A3
2025-11-04T21:38:01.100000,407f1f,RUK31UW,36000,483.6,7.0,40.353714,-7.206282,3.7,7755,A3
2025-11-04T21:38:01.100000,4078f0,,,,,,,260.8,,A3
2025-11-04T21:39:01,4cae96,RYR95DY,19850,413.2,41.2,38.959801,-8.736755,1.5,4401,A3
2025-11-04T21:39:01,4951ce,,27600,453.3,59.4,38.966877,-8.382385,3.0,3360,A3
2025-11-04T21:39:01,4ca95e,RYR74YL,39000,376.0,193.2,39.879135,-7.745839,15.8,1151,A3
2025-11-04T21:39:01,4cae9e,,,,,,,136.9,,A3
2025-11-04T21:39:01,4081c0,BAW512,17775,327.0,202.1,39.765108,-8.48175,0.2,2265,A3
2025-11-04T21:39:01,396671,,,,,,,171.1,,A3
2025-11-04T21:39:01,347658,,,,,,,103.0,,A3
2025-11-04T21:39:01,4ca849,,,,,,,129.4,,A3
2025-11-04T21:39:01,4cad2b,RYR2DK,36100,399.1,172.8,39.433136,-8.405795,0.0,3345,A3
2025-11-04T21:39:01,407f1f,,36000,483.6,7.0,40.432205,-7.193787,27.0,7755,A3
2025-11-04T21:40:00.700000,4cae96,,21700,427.1,40.3,39.052253,-8.636414,0.0,4401,A3
2025-11-04T21:40:00.700000,4951ce,TAP1040,29575,476.6,59.3,39.05514,-8.191284,0.2,3360,A3
2025-11-04T21:40:00.700000,4ca95e,,,,,,,75.4,,A3
2025-11-04T21:40:00.700000,4cae9e,,,,,,,196.6,,A3
2025-11-04T21:40:00.700000,4081c0,BAW512,15775,304.9,202.4,39.684665,-8.524353,0.0,2265,A3
2025-11-04T21:40:00.700000,396671,,,,,,,230.7,,A3
2025-11-04T21:40:00.700000,347658,,,,,,,162.7,,A3
2025-11-04T21:40:00.700000,4ca849,,,,,,,189.0,,A3
2025-11-04T21:40:00.700000,4cad2b,RYR2DK,36900,403.4,172.6,39.322678,-8.387524,0.1,3345,A3
2025-11-04T21:40:00.700000,407f1f,,,,,,,86.6,,A3
2025-11-04T21:41:01.100000,4cae96,RYR95DY,23425,440.2,41.0,39.14415,-8.535959,0.0,4401,A3
2025-11-04T21:41:01.100000,4951ce,TAP1040,30875,494.4,59.5,39.12355,-8.04235,0.0,3360,A3
2025-11-04T21:41:01.100000,4ca95e,RYR74YL,39000,383.5,193.4,39.636949,-7.819946,0.0,1151,A3
2025-11-04T21:41:01.100000,4cae9e,,,,,,,257.0,,A3
2025-11-04T21:41:01.100000,4081c0,BAW512,13550,293.4,202.0,39.607575,-8.564941,0.1,2265,A3
2025-11-04T21:41:01.100000,396671,,,,,,,291.2,,A3
2025-11-04T21:41:01.100000,347658,,,,,,,223.1,,A3
2025-11-04T21:41:01.100000,4ca849,,,488.2,358.2,,,36.4,,A3
2025-11-04T21:41:01.100000,4cad2b,RYR2DK,37000,405.3,172.6,39.210065,-8.368958,0.1,3345,A3
2025-11-04T21:41:01.100000,407f1f,,,,,,,147.0,,A3
2025-11-04T21:42:01,4ca9aa,RYR26DU,15175,452.2,39.9,38.954498,-8.776524,0.0,1171,A3
2025-11-04T21:42:01,406b90,,38000,514.6,32.3,,,47.0,,
2025-11-04T21:42:01,4cae96,RYR95DY,25175,446.1,41.9,39.236389,-8.431111,0.1,4401,A3
2025-11-04T21:42:01,4951ce,TAP1040,31800,507.8,59.6,39.17308,-7.934159,3.3,3360,A3
2025-11-04T21:42:01,4ca95e,RYR74YL,39000,382.8,193.0,39.535279,-7.85083,0.4,1151,A3
2025-11-04T21:42:01,4081c0,BAW512,11525,281.7,202.1,39.533743,-8.603516,0.1,2265,A3
2025-11-04T21:42:01,347658,,,,,,,283.0,,A3
2025-11-04T21:42:01,4ca849,,,,,,,96.2,,A3
2025-11-04T21:42:01,4cad2b,RYR2DK,37000,407.3,172.7,39.12157,-8.354431,1.0,3345,A3
2025-11-04T21:42:01,407f1f,,,,,,,206.9,,A3
2025-11-04T21:43:01,4951d3,TAP39PT,33475,405.6,243.5,,,0.3,0427,A3
2025-11-04T21:43:01,4ca9aa,RYR26DU,17025,465.0,39.9,39.051462,-8.673035,0.4,1171,A3
2025-11-04T21:43:01,406b90,,38000,513.5,32.5,38.683885,-7.896667,0.2,6232,
2025-11-04T21:43:01,4cae96,RYR95DY,26700,451.2,41.7,39.329544,-8.324293,0.0,4401,A3
2025-11-04T21:43:01,4951ce,TAP1040,33325,519.9,59.7,39.264725,-7.733121,1.0,3360,A3
2025-11-04T21:43:01,4ca95e,RYR74YL,39000,384.2,193.2,39.452271,-7.875705,7.8,1151,A3
2025-11-04T21:43:01,4081c0,BAW512,10150,284.9,202.1,39.461197,-8.641464,0.2,2265,A3
2025-11-04T21:43:01,4ca849,,,,,,,156.2,,A3
2025-11-04T21:43:01,4cad2b,,,,,,,60.9,3345,A3
2025-11-04T21:43:01,407f1f,,,,,,,266.9,,A3
2025-11-04T21:44:00.700000,440198,,37000,370.7,243.2,,,2.5,,
2025-11-04T21:44:00.700000,4951d2,,30950,389.4,214.2,40.123398,-8.031921,1.4,7620,
2025-11-04T21:44:00.700000,4075df,EZY84VQ,36000,520.6,25.7,,,0.5,,A3
2025-11-04T21:44:00.700000,4951d3,TAP39PT,32775,,,,,18.0,0427,A3
2025-11-04T21:44:00.700000,4ca9aa,RYR26DU,19125,464.9,40.0,39.149506,-8.567545,0.1,1171,A3
2025-11-04T21:44:00.700000,406b90,EZY43DZ,38000,512.6,32.6,38.731201,-7.85815,30.6,6232,A3
2025-11-04T21:44:00.700000,4cae96,RYR95DY,27900,461.8,41.7,39.423647,-8.215637,0.0,4401,A3
2025-11-04T21:44:00.700000,4951ce,TAP1040,33600,522.1,59.8,39.285004,-7.6884,39.8,3360,A3
2025-11-04T21:44:00.700000,4ca95e,RYR74YL,39000,385.2,193.2,39.327098,-7.91333,0.4,1151,A3
2025-11-04T21:44:00.700000,4081c0,BAW512,9800,283.0,202.2,39.435837,-8.654779,38.7,2265,A3
2025-11-04T21:44:00.700000,4ca849,,,,,,,215.9,,A3
2025-11-04T21:44:00.700000,4cad2b,,,,,,,120.6,,A3
2025-11-04T21:45:00.900000,440198,,37025,370.7,243.2,,,28.4,,
2025-11-04T21:45:00.900000,4951d2,TAP43RY,28800,393.0,214.2,40.038323,-8.106911,0.2,7620,A3
2025-11-04T21:45:00.900000,4075df,EZY84VQ,36000,520.2,25.6,,,45.2,,A3
2025-11-04T21:45:00.900000,4951d3,,29550,,,,,24.8,7620,A3
2025-11-04T21:45:00.900000,4ca9aa,RYR26DU,21075,466.0,33.2,39.252686,-8.460189,0.1,1171,A3
2025-11-04T21:45:00.900000,406b90,EZY43DZ,38000,511.3,32.5,,,0.5,6232,A3
2025-11-04T21:45:00.900000,4cae96,RYR95DY,28800,442.7,351.7,39.538026,-8.178101,0.6,4401,A3
2025-11-04T21:45:00.900000,4951ce,TAP1040,34000,524.7,59.9,39.409149,-7.413562,1.8,3360,A3
2025-11-04T21:45:00.900000,4ca95e,RYR74YL,39000,386.2,193.2,39.249435,-7.936846,2.4,1151,A3
2025-11-04T21:45:00.900000,4081c0,BAW512,9000,281.7,202.1,39.374488,-8.68689,47.1,2265,A3
2025-11-04T21:45:00.900000,4ca849,,,,,,,276.2,,A3
2025-11-04T21:45:00.900000,4cad2b,,,,,,,180.9,,A3
2025-11-04T21:46:01.600000,440198,,,,,,,89.0,,
2025-11-04T21:46:01.600000,4951d2,TAP43RY,26125,399.7,214.1,39.937912,-8.195435,0.1,7620,A3
2025-11-04T21:46:01.600000,4075df,,,,,,,1.5,,A3
2025-11-04T21:46:01.600000,4951d3,TAP39PT,30775,395.8,243.1,,,4.0,0427,A3
2025-11-04T21:46:01.600000,4ca9aa,RYR26DU,24025,434.7,24.0,39.365479,-8.389017,0.0,1171,A3
2025-11-04T21:46:01.600000,406b90,EZY43DZ,38000,512.6,32.6,,,29.2,6232,A3
2025-11-04T21:46:01.600000,4cae96,RYR95DY,29725,457.0,352.5,39.66568,-8.200398,0.1,4401,A3
2025-11-04T21:46:01.600000,4951ce,TAP1040,34000,,,39.409149,-7.413562,58.7,,A3
2025-11-04T21:46:01.600000,4ca95e,RYR74YL,39000,385.2,193.2,39.116961,-7.976562,0.2,1151,A3
2025-11-04T21:46:01.600000,4081c0,BAW512,8000,249.0,201.9,39.249802,-8.751864,1.0,2265,A3
2025-11-04T21:46:01.600000,4cad2b,,,,,,,241.5,,A3
2025-11-04T21:47:01.200000,4d2224,RYR75TL,37000,386.8,194.2,40.215546,-6.979065,0.1,7144,A3
2025-11-04T21:47:01.200000,440198,,35325,377.0,243.0,,,3.6,,
2025-11-04T21:47:01.200000,4951d2,TAP43RY,23750,384.7,214.0,39.847598,-8.274658,0.1,7620,A3
2025-11-04T21:47:01.200000,4075df,,,,,,,50.8,2605,A3
2025-11-04T21:47:01.200000,4951d3,TAP39PT,29675,389.6,244.6,39.237854,-7.167803,6.3,7620,A3
2025-11-04T21:47:01.200000,4ca9aa,RYR26DU,25725,438.2,24.1,39.472806,-8.327515,0.0,1171,A3
2025-11-04T21:47:01.200000,406b90,EZY43DZ,37975,515.6,32.9,39.164978,-7.502707,0.2,6232,A3
2025-11-04T21:47:01.200000,4cae96,RYR95DY,30725,467.3,352.3,39.790146,-8.222013,0.1,4401,A3
2025-11-04T21:47:01.200000,4951ce,,34000,,,,,26.8,3360,A3
2025-11-04T21:47:01.200000,4ca95e,RYR74YL,39000,385.5,192.7,39.027953,-8.003052,6.8,1151,A3
2025-11-04T21:47:01.200000,4081c0,,8000,249.0,201.9,39.249802,-8.751864,6.6,2265,A3
2025-11-04T21:48:01.200000,4d2224,,37000,386.8,194.2,40.121744,-7.010089,1.6,7144,A3
2025-11-04T21:48:01.200000,440198,,34775,376.1,243.0,,,45.0,3126,
2025-11-04T21:48:01.200000,4951d2,TAP43RY,21475,362.5,213.9,39.762082,-8.349365,0.0,7620,A3
2025-11-04T21:48:01.200000,4075df,,,,,,,110.8,,A3
2025-11-04T21:48:01.200000,4951d3,,22275,390.8,249.5,39.237854,-7.167803,22.2,7620,A3
2025-11-04T21:48:01.200000,4ca9aa,RYR26DU,27075,448.6,23.9,39.587232,-8.261414,0.0,1171,A3
2025-11-04T21:48:01.200000,406b90,EZY43DZ,38000,517.3,32.8,39.225449,-7.452612,2.2,6232,A3
2025-11-04T21:48:01.200000,4cae96,RYR95DY,31700,476.5,352.2,39.922175,-8.245667,0.1,4401,A3
2025-11-04T21:48:01.200000,4951ce,,,,,,,86.8,,A3
2025-11-04T21:48:01.200000,4ca95e,,39000,,,39.027953,-8.003052,66.8,,A3
2025-11-04T21:48:01.200000,4081c0,BAW512,7750,232.8,234.3,39.163606,-8.797058,16.4,2265,A3
2025-11-04T21:49:00.900000,4d2224,,37000,387.6,194.6,40.121744,-7.010089,1.1,7144,A3
2025-11-04T21:49:00.900000,440198,,32625,,,,,27.8,4127,
2025-11-04T21:49:00.900000,4951d2,TAP43RY,19075,353.1,213.9,39.679964,-8.420898,0.1,7620,A3
2025-11-04T21:49:00.900000,4075df,,,,,,,170.5,,A3
2025-11-04T21:49:00.900000,4951d3,,,,,,,4.3,,A3
2025-11-04T21:49:00.900000,4ca9aa,RYR26DU,28175,461.6,23.9,39.70166,-8.195263,0.3,1171,A3
2025-11-04T21:49:00.900000,406b90,EZY43DZ,38025,516.5,32.8,39.404388,-7.304296,0.5,6232,A3
2025-11-04T21:49:00.900000,4cae96,RYR95DY,33400,455.4,352.0,40.022827,-8.263428,2.5,4401,A3
2025-11-04T21:49:00.900000,4951ce,,,,,,,146.5,,A3
2025-11-04T21:49:00.900000,4ca95e,,39000,386.2,193.2,,,14.2,,A3
2025-11-04T21:49:00.900000,4081c0,,,,,,,76.0,,A3
2025-11-04T21:50:01.400000,4d2224,,,,,,,59.2,,A3
2025-11-04T21:50:01.400000,440198,EJU43BQ,27650,389.1,242.8,39.146667,-7.395053,0.1,3126,A3
2025-11-04T21:50:01.400000,4951d2,TAP43RY,16650,337.6,214.3,39.600128,-8.490581,0.0,7620,A3
2025-11-04T21:50:01.400000,4075df,,,,,,,230.9,,A3
2025-11-04T21:50:01.400000,4951d3,,23425,367.8,250.6,,,0.2,,A3
2025-11-04T21:50:01.400000,4ca9aa,RYR26DU,29325,467.4,24.0,39.817712,-8.128174,0.3,1171,A3
2025-11-04T21:50:01.400000,406b90,EZY43DZ,38000,517.3,32.8,39.526621,-7.202393,0.1,6232,A3
2025-11-04T21:50:01.400000,4cae96,RYR95DY,34525,456.4,352.1,40.169861,-8.290161,2.3,4401,A3
2025-11-04T21:50:01.400000,4951ce,,,,,,,207.0,,A3
2025-11-04T21:50:01.400000,4ca95e,,,,,,,55.5,,A3
2025-11-04T21:50:01.400000,4081c0,,,,,,,136.5,,A3
2025-11-04T21:51:01.200000,4d2224,,,,,,,119.1,,A3
2025-11-04T21:51:01.200000,440198,EJU43BQ,25525,376.6,242.8,39.133575,-7.427773,0.3,3126,A3
2025-11-04T21:51:01.200000,4951d2,TAP43RY,14250,319.2,213.9,39.524734,-8.556081,0.1,7620,A3
2025-11-04T21:51:01.200000,4075df,,,,,,,290.8,,A3
2025-11-04T21:51:01.200000,4951d3,TAP39PT,21800,364.1,250.4,39.108907,-7.634155,27.8,0427,A3
2025-11-04T21:51:01.200000,4ca9aa,RYR26DU,30500,474.0,24.3,39.939306,-8.057411,0.2,1171,A3
2025-11-04T21:51:01.200000,406b90,,38025,517.3,32.8,39.585205,-7.153592,24.7,6232,A3
2025-11-04T21:51:01.200000,4cae96,RYR95DY,35075,467.3,352.3,40.302507,-8.314029,0.2,4401,A3
2025-11-04T21:51:01.200000,4951ce,,,,,,,266.8,,A3
2025-11-04T21:51:01.200000,4ca95e,,,,,,,115.3,,A3
2025-11-04T21:51:01.200000,4081c0,,,,,,,196.4,,A3
2025-11-04T21:52:01.800000,4d2224,,,,,,,179.6,,A3
2025-11-04T21:52:01.800000,440198,EJU43BQ,25125,369.4,242.6,39.085281,-7.548085,43.3,3126,A3
2025-11-04T21:52:01.800000,4951d2,TAP43RY,11775,306.2,213.9,39.451996,-8.619013,0.2,7620,A3
2025-11-04T21:52:01.800000,4951d3,,,,,,,88.4,,A3
2025-11-04T21:52:01.800000,4ca9aa,RYR26DU,31350,487.5,24.1,40.060181,-7.986816,0.1,1171,A3
2025-11-04T21:52:01.800000,406b90,,,,,,,85.2,,A3
2025-11-04T21:52:01.800000,4cae96,RYR95DY,35350,476.6,352.0,40.389679,-8.329651,11.3,4401,A3
2025-11-04T21:52:01.800000,4ca95e,,,,,,,175.9,,A3
2025-11-04T21:52:01.800000,4081c0,,,,,,,257.0,,A3
2025-11-04T21:53:00.600000,4951d1,TAP765,30775,383.6,208.8,40.255966,-8.375977,0.2,2207,A3
2025-11-04T21:53:00.600000,4d2224,,,,,,,238.4,,A3
2025-11-04T21:53:00.600000,440198,,,317.5,243.4,,,25.9,,A3
2025-11-04T21:53:00.600000,4951d2,TAP43RY,10725,267.9,214.0,39.387589,-8.6749,0.2,7620,A3
2025-11-04T21:53:00.600000,4951d3,,,,,,,147.1,,A3
2025-11-04T21:53:00.600000,4ca9aa,RYR26DU,32075,497.7,24.2,40.158241,-7.92957,7.7,1171,A3
2025-11-04T21:53:00.600000,406b90,,,,,,,144.0,,A3
2025-11-04T21:53:00.600000,4cae96,,,,,,,27.0,,A3
2025-11-04T21:53:00.600000,4ca95e,,,,,,,234.7,,A3
2025-11-04T21:54:00.400000,4951d1,TAP765,28100,383.1,208.7,40.162059,-8.442619,0.1,2207,A3
2025-11-04T21:54:00.400000,4d2224,,37000,388.1,194.3,,,0.2,7144,A3
2025-11-04T21:54:00.400000,440198,,,,,,,85.7,,A3
2025-11-04T21:54:00.400000,4951d2,TAP43RY,9750,234.4,213.7,39.330826,-8.723861,0.1,7620,A3
2025-11-04T21:54:00.400000,4951d3,TAP39PT,15550,314.4,250.3,39.001232,-8.020752,1.8,0427,A3
2025-11-04T21:54:00.400000,4ca9aa,,,497.7,24.2,,,67.5,,A3
2025-11-04T21:54:00.400000,406b90,,,,,,,203.8,,A3
2025-11-04T21:54:00.400000,4cae96,RYR95DY,36000,493.6,352.2,40.665661,-8.379198,6.0,4401,A3
2025-11-04T21:54:00.400000,4ca95e,,,,,,,294.5,,A3
2025-11-04T21:55:00.200000,49526b,,,,,,,2.1,0061,
2025-11-04T21:55:00.200000,4951d1,TAP765,26000,367.2,206.4,40.071049,-8.506976,0.1,2207,A3
2025-11-04T21:55:00.200000,4d2224,,37000,388.1,194.3,,,5.0,,A3
2025-11-04T21:55:00.200000,440198,EJU43BQ,20500,294.3,244.2,38.958032,-7.875732,16.2,3126,A3
2025-11-04T21:55:00.200000,4951d2,TAP43RY,9000,237.1,213.8,39.290131,-8.759029,8.8,7620,A3
2025-11-04T21:55:00.200000,4951d3,TAP39PT,14425,318.1,278.0,39.003048,-8.138,0.1,0427,A3
2025-11-04T21:55:00.200000,4ca9aa,,,,,,,127.3,,A3
2025-11-04T21:55:00.200000,406b90,,,,,,,263.6,,A3
2025-11-04T21:55:00.200000,4cae96,,,,,,,65.8,4401,A3
2025-11-04T21:56:00.300000,49526b,RZO175,13125,205.2,230.3,41.126404,-8.824036,4.4,0534,A3
2025-11-04T21:56:00.300000,4951d1,TAP765,23025,370.4,199.6,39.97422,-8.553918,0.0,2207,A3
2025-11-04T21:56:00.300000,4d2224,,37000,,,,,3.1,,A3
2025-11-04T21:56:00.300000,440198,,,,,,,76.3,,A3
2025-11-04T21:56:00.300000,4951d2,TAP43RY,7775,235.7,213.8,39.223755,-8.81617,2.4,7620,A3
2025-11-04T21:56:00.300000,4951d3,TAP39PT,13225,315.9,277.8,39.01436,-8.243103,0.4,0427,A3
2025-11-04T21:56:00.300000,4ca9aa,,,,,,,187.4,,A3
2025-11-04T21:56:00.300000,4cae96,,,,,,,126.0,,A3
2025-11-04T21:57:01.300000,406b90,,38025,,,40.284351,-6.575317,40.0,6232,
2025-11-04T21:57:01.300000,49526b,RZO175,16550,229.4,230.5,41.083191,-8.893982,0.1,0534,A3
2025-11-04T21:57:01.300000,4951d1,TAP765,20700,354.6,199.6,39.877121,-8.598951,0.0,2207,A3
2025-11-04T21:57:01.300000,4d2224,,,,,,,64.1,,A3
2025-11-04T21:57:01.300000,440198,,16725,294.9,286.3,38.916687,-8.095431,0.1,3126,A3
2025-11-04T21:57:01.300000,4951d2,TAP43RY,7000,234.9,213.9,39.182556,-8.851398,3.9,7620,A3
2025-11-04T21:57:01.300000,4951d3,TAP39PT,43725,315.9,277.8,39.015198,-8.250793,20.7,7620,A3
2025-11-04T21:57:01.300000,4ca9aa,,,,,,,248.4,,A3
2025-11-04T21:57:01.300000,4cae96,,,,,,,187.0,,A3
2025-11-04T21:58:01.400000,406b90,,,,,,,100.1,,
2025-11-04T21:58:01.400000,49526b,RZO175,18400,248.4,229.9,41.053619,-8.940918,17.0,0534,A3
2025-11-04T21:58:01.400000,4951d1,TAP765,18825,333.4,199.6,39.786896,-8.640687,0.0,2207,A3
2025-11-04T21:58:01.400000,4d2224,RYR75TL,37000,385.4,194.0,39.101506,-7.344849,13.7,7144,A3
2025-11-04T21:58:01.400000,440198,,15225,290.7,287.0,38.922363,-8.120568,13.0,3126,A3
2025-11-04T21:58:01.400000,4951d2,,5550,232.1,213.8,39.116959,-8.907703,5.4,7620,A3
2025-11-04T21:58:01.400000,4951d3,TAP39PT,10225,277.8,278.1,39.038753,-8.467712,0.0,2207,A3
2025-11-04T21:58:01.400000,4cae96,,36000,501.9,352.0,,,12.6,,A3
2025-11-04T21:59:01.100000,7810b8,,,,,,,9.8,4473,
2025-11-04T21:59:01.100000,406b90,,,,,,,159.8,,
2025-11-04T21:59:01.100000,49526b,,20050,267.5,259.4,41.036545,-8.989319,24.0,0534,A3
2025-11-04T21:59:01.100000,4951d1,TAP765,17025,313.5,199.8,39.702728,-8.679749,0.0,2207,A3
2025-11-04T21:59:01.100000,4d2224,,37000,383.9,194.3,39.007982,-7.375244,10.5,7144,A3
2025-11-04T21:59:01.100000,440198,,,,,,,72.7,,A3
2025-11-04T21:59:01.100000,4951d2,,5550,,,39.116959,-8.907703,12.8,,A3
2025-11-04T21:59:01.100000,4951d3,TAP39PT,9625,270.2,272.3,39.038288,-8.506165,0.2,3222,A3
2025-11-04T21:59:01.100000,4cae96,,,,,,,72.2,,A3
